6000
116762 2 1721
981045 3 638
200579 4 1050
279303 5 2277
631640 6 900
507136 7 1023
137244 8 848
186344 9 727
359251 10 1563
326868 11 608
327188 12 3054
767604 13 942
151527 14 678
976773 15 719
301286 16 1060
909748 17 2560
672532 18 1145
613851 19 600
286926 20 583
218442 21 1743
273492 22 532
754919 23 1183
550778 24 511
728053 25 574
789341 26 721
593541 27 4838
261829 28 1105
794358 29 2273
564043 30 1059
68938 31 3499
961890 32 1110
545039 33 907
218190 34 922
358377 35 702
401393 36 530
416050 37 642
563970 38 528
884107 39 634
274295 40 2818
938307 41 925
211671 42 1072
970802 43 614
160140 44 703
53856 45 658
647840 46 1816
453183 47 993
104301 48 1027
291966 49 2104
647023 50 671
483317 51 1928
999878 52 660
49388 53 788
263491 54 838
511554 55 730
479967 56 -1
312476 57 590
288280 58 1188
957262 59 578
644717 60 869
105186 61 507
884496 62 548
909845 63 780
82948 64 1323
653337 65 887
976040 66 1040
447163 67 1416
647942 68 1171
117902 69 1168
123895 70 622
532463 71 1019
932947 72 991
307110 73 510
39979 74 786
213117 75 1151
906154 76 746
930266 77 539
445230 78 1042
104402 79 2783
835052 80 506
786474 81 1179
705384 82 1411
3457 83 656
636600 84 1067
692434 85 783
113874 86 981
951905 87 535
137975 88 -1
400064 89 749
818093 90 537
28315 91 -1
406293 92 1502
862112 93 1749
88680 94 635
955572 95 2943
917680 96 968
215891 97 626
940183 98 651
477889 99 2253
278566 100 1155
647465 101 1584
619813 102 937
226736 103 697
292565 104 960
222037 105 1053
852330 106 1289
247827 107 1208
834519 108 1454
233982 109 1402
733295 110 792
903353 111 544
328436 112 744
605160 113 1100
278375 114 824
55617 115 1604
492694 116 1285
289089 117 604
746112 118 1284
277348 119 566
443712 120 871
334331 121 2069
131252 122 858
249383 123 1219
565965 124 550
466337 125 747
304834 126 2546
472940 127 1097
731502 128 1706
210626 129 601
324412 130 736
596998 131 1834
568748 132 523
4099 133 686
876426 134 502
927271 135 559
630837 136 552
905017 137 884
730435 138 1463
69396 139 819
899189 140 591
980414 141 -1
382154 142 1073
88424 143 2919
602814 144 756
639245 145 982
398657 146 1020
176450 147 606
75844 148 832
178064 149 901
644219 150 1510
566020 151 1533
890583 152 504
117644 153 989
642482 154 568
847807 155 505
807601 156 893
467980 157 797
603839 158 764
787136 159 1428
237050 160 1220
286670 161 813
792540 162 2843
249697 163 621
425610 164 1353
959614 165 617
906759 166 1325
380152 167 863
394494 168 1177
256958 169 775
961190 170 805
811576 171 1537
96551 172 585
262515 173 2796
494914 174 784
705136 175 1091
155591 176 1929
115945 177 708
292782 178 681
254033 179 573
228792 180 594
773003 181 1643
917221 182 3183
554775 183 1182
637714 184 949
203219 185 549
538360 186 648
652909 187 682
869430 188 921
676120 189 1078
391996 190 966
132224 191 707
891913 192 570
223863 193 1196
240935 194 569
165928 195 983
220599 196 5426
846183 197 1044
626064 198 666
474952 199 938
895148 200 2219
441462 201 581
204812 202 2159
2333 203 687
653183 204 641
897292 205 571
866402 206 1118
631288 207 538
185995 208 936
54611 209 3505
785220 210 1529
751077 211 1354
86454 212 556
657308 213 1099
927586 214 709
857065 215 679
365405 216 565
942532 217 940
394652 218 776
334649 219 1912
808748 220 1146
292757 221 963
411632 222 755
880856 223 1245
428786 224 611
897886 225 579
815441 226 4055
428103 227 1140
634803 228 554
457280 229 1593
417481 230 692
661790 231 737
673403 232 731
665933 233 1032
685642 234 782
93721 235 2881
774288 236 1255
232791 237 1070
134876 238 546
906892 239 1367
449645 240 1303
756898 241 557
753361 242 560
662951 243 -1
366437 244 1018
902865 245 3570
335273 246 1887
845743 247 1094
305675 248 526
320396 249 639
651129 250 649
257216 251 917
130656 252 620
989168 253 1850
557243 254 728
179678 255 657
466917 256 667
16205 257 645
333631 258 743
938874 259 625
123158 260 -1
796537 261 1691
510646 262 534
715300 263 518
150199 264 1653
131718 265 3083
133087 266 586
881834 267 787
237037 268 592
970696 269 760
636907 270 512
784134 271 691
954527 272 685
606083 273 3688
446101 274 1278
299784 275 654
819403 276 856
532499 277 779
788245 278 1705
761890 279 553
833838 280 -1
158791 281 575
311135 282 673
266436 283 951
318538 284 2730
391237 285 693
30712 286 758
11090 287 1002
673780 288 683
249513 289 772
407834 290 759
120817 291 1036
594 292 -1
821588 293 582
510370 294 723
925151 295 740
199522 296 1107
279345 297 593
297681 298 636
300899 299 659
479196 300 956
573458 301 531
93419 302 1082
915760 303 745
914413 304 897
287256 305 514
670943 306 1164
580321 307 748
235718 308 701
381913 309 3278
621791 310 521
513339 311 724
724723 312 596
906720 313 711
146812 314 1206
269948 315 1343
701574 316 777
754129 317 739
948695 318 599
543782 319 2587
103217 320 615
505330 321 952
50723 322 818
652447 323 1665
69171 324 1185
585663 325 508
402086 326 913
112324 327 5941
673341 328 1293
327889 329 908
115148 330 1830
346751 331 870
191026 332 1075
413408 333 516
22695 334 3265
152010 335 680
280627 336 616
697381 337 1298
882957 338 588
415552 339 525
604257 340 1226
142668 341 646
936751 342 630
178081 343 567
44894 344 1244
995551 345 827
703416 346 738
937101 347 1123
447006 348 1687
563386 349 509
560994 350 1077
747591 351 690
931031 352 977
237786 353 1167
269585 354 1857
773793 355 520
408355 356 527
605399 357 2164
777389 358 1225
574630 359 1125
24662 360 717
836190 361 823
53419 362 1310
765530 363 753
717182 364 1546
34118 365 503
806402 366 1277
684885 367 1589
987749 368 1358
322447 369 846
995771 370 598
574092 371 1256
169993 372 1275
637865 373 519
381166 374 895
484592 375 542
246213 376 794
114360 377 629
263497 378 2054
946252 379 710
18750 380 761
960440 381 926
903471 382 2416
117779 383 793
683249 384 789
89523 385 752
795249 386 3018
604000 387 1364
358624 388 4134
987028 389 840
667714 390 1551
586885 391 1853
409558 392 766
464639 393 501
251995 394 609
85582 395 1263
353390 396 2743
489775 397 1459
772626 398 584
361904 399 3046
573934 400 675
796902 401 1135
290658 402 851
662291 403 655
505938 404 1501
571959 405 1009
715819 406 1668
898911 407 1736
988900 408 1133
922443 409 1166
382415 410 653
510474 411 3145
236332 412 613
364918 413 833
753997 414 995
889794 415 547
200311 416 3770
548594 417 628
556158 418 946
201976 419 894
712567 420 2216
969574 421 915
413123 422 644
5996 423 903
907137 424 5918
806867 425 562
999678 426 1453
411383 427 2754
677624 428 796
476920 429 1079
965643 430 2205
124745 431 806
74783 432 881
979511 433 668
8983 434 1922
721942 435 1644
737958 436 712
9386 437 1154
655245 438 561
269113 439 577
752002 440 800
980390 441 1744
49852 442 695
70491 443 677
662348 444 1856
517845 445 529
749685 446 909
497148 447 5447
590435 448 595
150957 449 669
182357 450 536
333770 451 558
843783 452 572
43874 453 513
266171 454 515
524132 455 676
563865 456 543
709905 457 1422
81407 458 603
809839 459 1262
867696 460 674
261549 461 722
148722 462 3402
885311 463 555
310185 464 5634
565445 465 834
306980 466 1187
46426 467 816
329697 468 3260
619058 469 563
663161 470 602
923200 471 826
908871 472 580
628739 473 1228
871514 474 773
737546 475 778
172323 476 696
199339 477 1626
650273 478 757
457366 479 524
880556 480 790
340454 481 517
468287 482 1137
461106 483 950
232408 484 587
175479 485 541
340534 486 661
799622 487 576
184869 488 650
591601 489 729
961203 490 859
185452 491 1104
266151 492 1017
593396 493 -1
403909 494 2045
345247 495 589
849978 496 750
456549 497 1634
496667 498 1126
642847 499 5906
402436 500 -1
844614 -1 -1
491523 1989 2601
825596 822 843
345848 714 763
548975 914 2926
554571 5157 -1
174345 1362 5063
680503 684 1000
372020 545 889
657925 522 627
760800 540 1693
180527 720 1046
556493 -1 -1
773201 2319 -1
993289 803 876
952787 1047 1758
507765 2466 2602
391132 1723 -1
273766 1938 3084
193202 1074 1114
875318 2699 4847
123205 1005 1157
512359 705 716
803134 612 892
159394 954 1513
322029 1087 -1
962735 961 2114
740023 4099 -1
407627 1234 1423
52373 3667 -1
134745 -1 -1
196481 -1 -1
164859 533 551
172033 605 631
798824 874 2701
953761 1034 1460
522077 1025 1348
573449 2592 5299
637418 -1 -1
425845 2581 3393
942795 974 1063
249386 1919 3002
26908 1729 3320
759219 1258 1680
149674 807 1048
370028 1008 1159
245693 821 836
977860 -1 -1
429192 2075 -1
272121 2431 -1
800157 2353 -1
587230 1312 2193
461327 1869 2636
577850 799 1470
643136 742 1774
966774 912 955
806921 1443 4543
947596 688 1115
926077 597 663
789827 947 2198
37026 564 1120
44375 1408 2203
543118 647 999
866948 785 1101
158167 741 781
603514 1356 1435
688305 3517 -1
314968 939 945
795016 1068 2582
711696 652 1165
567653 640 2264
965504 3080 3309
774739 1264 2655
744973 769 3012
552649 624 1129
659167 1464 -1
144621 2370 -1
636960 699 814
540200 1121 1524
509272 817 1925
428079 637 700
853896 610 964
563814 3873 -1
354729 2517 -1
469170 979 2123
15749 934 1021
33 1013 1971
378602 1852 2811
684248 1076 5797
686545 623 -1
252286 643 768
276539 864 1331
69096 2413 3139
284722 984 1004
823628 862 1461
120044 1398 2138
45838 767 809
718416 1221 -1
942669 1267 1764
936823 607 928
283319 771 810
982242 1794 -1
607715 618 866
581078 662 1190
818975 1241 -1
812040 732 1239
938071 -1 -1
441249 -1 -1
668523 986 1873
516710 2773 3156
81832 918 -1
2364 1534 1614
130963 751 1304
448743 619 694
398355 632 929
99259 976 1028
284164 944 2744
776225 2107 3500
414872 1580 4458
431687 1766 2471
244772 713 1031
37321 665 998
892966 1093 1153
161105 1329 1479
386535 633 1124
392765 765 804
464688 1022 1765
656812 698 -1
28272 1986 2082
525236 1054 1352
887741 1434 1444
653902 734 855
318510 1014 1484
74761 2646 3028
528055 2226 -1
473833 1030 1161
216936 704 811
790887 808 1119
406450 1332 3502
282836 -1 -1
489027 2974 -1
525048 1783 -1
298591 878 1056
81606 1806 2151
8990 1071 1438
728058 733 2018
684753 910 1001
766808 664 802
404794 672 1384
991329 1733 3134
343617 3785 -1
896701 812 1240
2502 879 1313
754217 1147 5532
767606 774 1035
898516 -1 -1
317970 1564 1565
292837 1389 1940
154228 798 1306
262055 1689 3303
469077 3553 3680
135795 1414 1647
80790 1552 4649
470237 715 1650
498387 965 1273
939870 958 970
252468 924 1117
766876 4392 -1
319110 1274 1500
275541 670 3286
628740 1197 2096
40925 1636 1837
360445 3874 -1
155279 931 1052
267777 1029 1192
443894 1512 1999
444811 1299 -1
855153 906 1162
402192 1211 1493
354286 706 1503
887859 2426 2460
386328 2637 -1
183041 725 726
163258 3042 -1
601320 689 1603
591219 2079 2304
588754 2031 -1
872716 1475 1525
716014 990 1720
83560 2295 2828
139945 1235 2427
597456 896 943
415894 1200 1767
129065 891 1321
903028 770 1098
135528 820 1259
207042 1301 1866
886707 762 1832
724305 1169 1490
303345 1102 2083
623721 971 1083
140543 2361 -1
338549 841 1132
66579 -1 -1
727893 1488 1640
66152 3085 4454
899758 1160 3291
645084 3778 4491
360547 831 1286
234764 1845 2368
190236 854 3356
820745 1388 2585
921746 718 835
270838 865 -1
513553 1741 2105
419664 1116 1991
20636 849 1624
145580 844 3828
943553 886 2301
932781 1492 1879
412000 2907 3075
511594 795 2177
295963 1497 2745
143233 1269 1361
407344 815 2127
436343 2657 3140
465234 890 5556
393627 877 1381
229986 735 754
537419 1861 2443
566076 1561 -1
64188 1271 1762
99543 1144 3192
430293 1330 1617
404613 -1 -1
585446 2141 3365
4108 1628 2705
350713 872 992
290325 1095 5359
964191 2983 5246
64445 1945 2007
932541 1150 1410
647850 1163 1368
875186 916 3093
619041 1058 1230
883137 857 1152
906596 5454 -1
705716 1328 1573
516435 1113 4518
430317 1469 3826
905041 828 957
58006 868 948
773092 3212 3922
365777 867 1007
314384 1010 3573
925566 842 853
162770 883 1619
816399 1108 1632
579074 1085 2238
580228 1242 1415
682794 1574 2027
480410 3142 3218
253011 830 997
534316 825 1223
944072 791 873
642128 959 1997
190129 980 2048
628220 1637 -1
778063 953 1679
180346 880 3703
503133 1214 -1
87197 801 1457
784729 1026 2898
334153 2259 2535
610706 837 839
188350 1193 1205
980109 899 -1
225607 1308 1393
126622 1081 1672
409275 1540 1608
553465 1066 1249
280687 2679 3585
521976 1272 2767
674932 1003 3923
623509 1247 2310
600491 898 1090
747297 847 1194
195680 829 1088
175129 3004 -1
36128 852 2150
590012 1419 1703
671633 3067 3838
88266 1615 2275
132532 3626 5194
375623 2173 2349
340715 967 1430
949000 3539 4590
287123 905 923
684639 1854 3149
583046 3154 -1
707933 -1 -1
46343 941 1380
941962 885 1055
951780 -1 -1
892611 987 -1
666598 927 -1
50985 850 888
702866 1069 2006
268524 5336 -1
700219 1547 1667
921151 -1 -1
150753 860 1556
58829 1382 2733
619262 4268 -1
517854 1038 1229
984316 1254 2641
630259 1562 3852
778914 861 975
743704 932 1606
187768 2544 3044
981392 -1 -1
291949 1184 1391
633372 3101 3936
668204 3392 -1
945117 988 1375
570746 2078 2770
223626 1505 4419
709460 2967 3427
931014 -1 -1
857620 1681 -1
616942 1620 1959
430354 1333 -1
835080 2089 2923
708347 845 969
659954 1737 2638
350508 1400 1599
667583 919 1635
421428 1471 3415
9191 1440 1605
653331 2094 3077
573472 920 -1
604408 2269 3050
243596 1466 1581
647335 1233 1276
333187 911 -1
935485 4557 5589
628831 1515 1713
189962 1243 3929
799515 875 1141
870449 1178 2132
888603 882 1499
975920 1822 -1
637677 -1 -1
882976 4324 -1
248610 1406 2276
582968 1215 1224
318857 996 1128
84018 978 1933
627326 1948 1984
327789 1136 1481
682666 1711 2130
24245 1344 1397
264557 962 1535
374710 1528 4108
921347 2589 2627
936155 4854 -1
658149 -1 -1
741736 935 2016
234119 1973 -1
142442 1363 2459
899543 -1 -1
576101 1309 2458
867966 2387 5719
56036 1149 1666
283197 1174 1201
92944 1590 1673
575829 1112 2942
855565 1357 4732
570208 4839 5315
576243 1051 1769
840277 2468 2909
683808 1106 1204
290709 1210 -1
18071 2128 3561
429306 3848 4954
108750 2433 4968
282328 2850 -1
415257 902 1394
294018 1191 2052
461344 3493 -1
366413 904 -1
395683 1317 1642
389167 2677 3806
347483 1355 1399
537196 930 933
169080 972 1815
267701 1860 3736
684837 1142 1202
617198 2700 -1
71963 1909 3946
12933 1037 2333
273066 1170 2405
750803 1246 1840
575985 2235 3850
386133 1064 1338
817943 1735 3934
750713 -1 -1
891250 -1 -1
501991 1482 3442
282474 -1 -1
340201 3833 3964
851805 2245 -1
10656 1407 1587
998875 1296 1451
771443 973 1045
840232 1297 1450
321209 1280 2080
355568 1446 3405
646938 1335 2675
635957 1011 1016
978992 1891 2531
620700 4692 -1
65041 1111 2470
848668 2456 4431
419171 1655 2995
693027 2852 3491
614260 -1 -1
769413 1282 1630
890789 2780 4083
508863 2430 3447
713472 1445 -1
387075 5581 -1
863827 1176 4636
989397 1477 3452
122580 2452 -1
201560 3679 3979
432058 1103 2263
402613 1805 1812
23129 1392 1448
592709 1024 1080
693883 985 2033
98502 1315 1780
181497 3564 4211
183869 2383 -1
317533 1377 1409
534627 1061 -1
64186 1015 4782
687058 1311 2467
597765 1189 1231
228969 2147 4277
764518 2320 4345
361230 -1 -1
271597 1033 2990
169409 1237 1283
753204 1043 -1
755810 1218 1334
980737 -1 -1
61735 2862 -1
304209 1270 2863
750506 2197 3287
530292 5206 -1
598734 -1 -1
782251 1378 3550
279102 1096 1555
520446 1265 1441
21408 1186 1708
798120 1880 -1
267041 1778 2211
957063 1012 2266
533072 2307 2809
453759 1207 1212
998730 2514 2562
66294 1843 -1
655200 1131 1320
862605 -1 -1
814630 1006 4672
23643 1472 1553
761893 1360 2136
973395 1458 4117
566230 1227 2010
567436 1213 1616
207635 994 2860
104065 1092 2185
299088 1127 1465
31828 1180 1281
276212 3631 -1
136566 1710 4622
603785 3094 3437
491905 1753 4729
888696 1238 3381
82971 1041 -1
676305 5814 -1
933739 2739 2996
100923 1374 1385
601562 1252 1527
247451 1939 3830
737301 1511 2446
857140 1972 2390
263049 1199 1209
406295 3310 -1
964190 1349 2437
155293 1236 1379
952343 2035 2702
379667 2795 -1
180697 3439 -1
375801 1172 1326
44650 1896 2666
220379 1369 -1
414777 2217 3010
608975 2170 5216
854774 1084 2106
803131 1342 2341
919410 1755 5806
504208 3257 3822
711445 3948 5572
934498 1130 1203
405759 1039 1467
164799 5114 -1
669908 1279 1600
395438 2847 -1
235803 1065 2586
844278 1257 1544
358525 2060 4377
211835 1883 1952
252609 1062 2312
68020 1318 1781
931788 1449 1917
392173 1216 1888
881017 1291 2509
777703 1086 2342
74339 1049 1659
45457 1916 -1
825248 2553 2819
752270 1804 3136
796370 2537 -1
660879 1517 2922
53914 1519 1937
839886 1538 3662
850942 3961 5758
602757 1057 3337
780876 1365 3494
138912 4306 -1
473240 1923 2126
755962 1337 2490
620463 1894 2095
770584 -1 -1
997181 1404 2179
703927 3412 4730
381771 1820 4220
822868 1341 1602
114164 2791 3089
916382 1491 -1
613894 2951 -1
659842 1122 2372
254933 4879 -1
97789 1294 2246
667543 1657 -1
217060 1148 -1
122177 -1 -1
140616 2673 4422
351180 2279 2393
693326 1134 1789
904317 1516 2820
716933 1776 2181
670516 3041 3548
195157 1629 2192
502471 1878 2658
828453 1222 1927
959751 1963 3255
23927 1143 1790
52083 1322 1799
145375 1425 2178
341057 2479 5739
586183 1396 -1
699105 1175 1248
391761 1089 1554
453883 1373 2642
526700 2884 -1
517085 1487 2034
558118 5807 -1
60682 1788 5084
814661 2088 2516
908041 1745 1842
470753 1858 2255
135455 2554 -1
263204 2020 2985
769937 5167 -1
326987 1158 1976
300898 1109 1181
225325 1447 2345
236957 1569 1855
386063 3428 -1
767060 2223 2915
840054 1139 1198
467779 2191 3316
273671 1908 5637
828495 -1 -1
627066 2873 -1
437593 1518 4778
472459 1437 2347
766533 1366 2397
213666 3965 4470
433937 2497 3431
733743 1892 4010
451390 2109 4288
738053 5760 -1
902353 1803 2529
923654 -1 -1
830467 3856 4567
759801 1156 1849
856738 3610 4294
543049 1507 2280
756830 2869 5276
952460 1792 1899
325119 2162 -1
316583 1290 5019
84914 1346 -1
109093 1217 1295
363951 1138 2189
970337 1646 2599
918696 1926 2763
669626 1403 3629
20628 1821 3441
700876 1712 2628
152276 3792 4189
908180 1324 2740
162190 1173 1494
436311 1474 -1
572450 -1 -1
221093 2724 3087
16544 1339 1942
942476 2334 4721
769581 1383 -1
327857 4568 5722
914214 1421 1522
825890 2062 3378
106964 1913 5829
793091 2500 -1
744489 1585 1633
704348 2667 -1
767885 1610 2615
965017 -1 -1
969964 2168 2861
392832 1336 1539
559829 -1 -1
790016 2022 2457
403037 1395 2552
16141 1543 3413
26299 3024 -1
348786 4276 -1
9096 1579 -1
509760 2116 3066
956639 3368 4913
387067 5069 -1
991811 1292 2124
333124 2382 2703
201374 1779 -1
56874 1791 4272
430735 2445 3403
250921 -1 -1
306983 1266 2684
948965 3735 4441
576150 2644 5111
490176 1851 2110
574839 1808 1960
221735 1401 2314
149704 1260 1300
671817 3814 5314
634950 1232 1714
726469 1700 1936
56169 2332 2442
771880 4421 -1
439471 2613 4334
750335 1195 1662
435999 1586 1677
300155 3507 3522
283411 1340 1761
810745 1656 3556
950990 3647 -1
785700 1314 2576
293644 1261 1302
348621 1478 4455
724322 1835 2398
72976 1376 3294
973893 1998 2652
27020 1828 2237
94602 3339 3829
200319 2380 2438
69771 2541 4185
776584 3702 4646
831927 1316 2484
955117 3317 -1
256995 1648 2574
328173 1427 -1
878601 2074 3397
437729 -1 -1
606392 1598 -1
390431 -1 -1
260874 2315 5869
322617 4974 -1
261640 1801 2548
827149 1386 4540
66187 -1 -1
965794 1372 2220
122637 2256 2556
591861 1588 2938
149980 2084 3380
947022 4327 5511
67427 1307 2103
477449 1575 1697
600967 1351 3430
351009 3160 5673
719212 2023 5458
61407 1559 1819
374083 1754 -1
397455 2597 -1
411818 1288 1594
658924 1251 3319
93038 1495 5764
401670 1623 2475
632811 1370 2632
367205 1906 2839
473797 2092 4682
499307 1669 5434
776686 1592 3272
184918 -1 -1
201512 2961 -1
235321 2704 3141
884897 1359 4844
292778 3387 5441
910106 2806 4842
732250 1412 1571
376243 1545 2473
786731 1250 1253
734180 1480 1611
235831 1405 1456
841225 5263 -1
961113 3935 -1
940890 3698 -1
685806 1748 1946
573683 1566 2047
250684 4810 -1
186556 1968 2043
165601 2394 -1
588460 4087 -1
55044 1902 2231
34777 -1 -1
583873 1601 2254
296767 4699 -1
316307 3938 -1
96391 1932 2324
72823 1639 1651
601449 3450 -1
3627 1695 1696
525190 1793 3271
456614 4215 4870
8003 2258 3920
169974 1760 5174
96817 2049 2522
494049 3655 5150
628409 1268 2970
642886 1485 1596
544470 1763 2575
293167 1468 2012
831463 1305 -1
610808 1886 1978
218964 1578 1824
346368 1418 1489
90785 1319 2196
526600 1345 2902
960649 1867 2389
165797 2281 -1
282400 1287 1426
219223 1772 2282
976641 1702 2169
365516 2955 4095
765093 1390 1486
170788 1476 5412
974542 2026 4581
102788 1889 3386
90398 1455 4907
848535 1498 2278
240188 1462 1864
526722 1560 1953
84877 1654 1918
134270 1607 2645
75565 1347 2340
985676 2672 5585
150801 1707 2498
277521 2236 -1
204595 2885 4250
715618 -1 -1
392600 2286 -1
727679 1514 2916
31269 1825 3267
863119 1914 4074
104605 1920 2760
837351 2660 3468
843991 1897 1992
802999 5391 -1
578075 1506 1818
652911 1509 1838
246715 1591 2643
589572 -1 -1
734490 2366 3918
578256 2148 2663
532510 1429 2694
396528 3051 3060
418485 1496 2550
870548 1530 2058
714243 4112 4695
569113 3883 -1
272673 2120 3189
612847 -1 -1
331034 2591 3696
92544 1327 3817
655936 1800 -1
842972 1350 2257
555755 4811 -1
799331 2477 4096
377682 1433 2670
515007 1576 2229
925408 3699 -1
307293 1678 -1
693001 1751 4717
653501 2329 3035
380146 3367 -1
244722 1716 1724
993834 1520 2524
291766 2004 -1
363641 1387 1550
56727 4503 4848
69071 1597 3122
751178 3609 3854
11522 3105 3354
638356 1631 -1
847632 1727 2610
318761 5898 -1
517310 2000 5282
205341 1739 -1
623693 -1 -1
616228 1431 1541
216756 -1 -1
199585 1371 1613
804441 1504 2407
46439 3640 -1
670432 -1 -1
445918 2927 3448
753208 -1 -1
820354 -1 -1
7447 2698 5071
148168 5043 -1
629354 1868 2422
46097 1532 1577
62471 2065 2160
525715 1452 4904
382162 1420 2187
407401 1797 1809
6647 1931 2948
379204 2622 -1
263233 2494 4241
881754 1742 -1
224108 1621 1950
874594 1439 2571
709142 3681 5669
663854 4469 5035
925495 2068 3658
369798 2091 3301
317933 2737 -1
789400 1442 2040
804354 4972 5394
79638 1436 2950
682670 3360 4821
530655 2559 3001
319297 1417 1523
508678 3110 3905
738574 2520 3006
135712 2936 4081
938657 2199 -1
3467 2017 2155
474393 1413 -1
287788 1542 2510
575356 1625 2098
172041 1557 3891
826407 2735 3959
227953 1432 1715
411862 1652 3723
951695 2706 2709
103526 4681 4908
53518 1773 1814
628327 2028 2593
110730 1981 4991
592604 1770 -1
988621 -1 -1
342227 1424 5683
569375 1698 2868
673968 2076 -1
864586 -1 -1
273904 -1 -1
66854 1884 2474
344197 2204 -1
460273 1987 2233
787797 1717 1977
506930 1645 3293
583805 2287 -1
462950 2386 2485
848728 1521 -1
646428 3605 3627
94243 3844 -1
38506 1570 2337
281663 1536 2661
855683 2890 2975
125044 1768 -1
954818 1568 2208
101360 1983 2878
116167 1483 5036
172969 1969 2115
95483 2958 3005
374939 1730 2186
650672 1836 3234
6888 2284 2289
407274 1990 4138
631770 2605 -1
497535 1526 1756
420211 2113 2161
348224 2448 -1
713229 1473 1701
24173 2249 5591
41958 2886 5486
535053 3034 -1
375496 3082 -1
475523 2288 5170
229242 1582 2149
808161 1831 2215
894523 2987 5707
576930 2406 4664
545109 2142 3007
427377 2417 -1
357739 1694 2228
866139 1685 -1
584471 2225 2418
585885 3186 -1
78073 -1 -1
473818 2538 2821
552161 2085 3617
127259 1722 4058
448719 4079 -1
878131 1618 1930
485081 1955 1964
627512 2595 2665
593334 -1 -1
460134 1782 4693
647463 2751 4162
557531 3132 4000
284148 -1 -1
613923 -1 -1
90247 5936 -1
688524 1572 1802
720705 4022 -1
698255 5870 -1
717060 3022 4564
978862 1734 -1
474695 4599 5443
847882 3327 3486
547289 4936 -1
552642 1548 2182
440837 2097 3485
374810 2530 -1
294244 3506 4066
565049 2327 3967
167678 2979 -1
720909 2336 2900
833017 1676 1890
56339 2037 -1
918986 1746 1957
253847 1638 -1
86217 1661 2131
155402 1664 -1
716533 2001 3116
881078 1728 2937
739478 2817 5946
648134 1508 4381
390371 2461 -1
137693 1660 1885
625717 1670 1719
244311 2175 2464
326273 1609 1688
32493 1956 -1
252665 3583 -1
9924 3394 -1
930336 1531 -1
394697 1862 1943
299253 2036 4602
487753 1549 3914
884526 2243 2270
83633 3733 4772
819824 3603 4430
865610 2024 4760
960198 2736 3226
187417 1975 2363
881019 1690 1911
545117 1686 5490
966629 5119 -1
219778 1954 2137
681612 1699 1740
318330 1583 1658
831901 1692 2227
867038 -1 -1
449984 3706 3804
30610 1567 3228
151677 3737 5099
246235 1558 3593
687259 -1 -1
236139 2064 3834
244266 1785 3086
837992 1811 4289
461148 3389 3957
791441 2651 3125
524889 1682 2338
699744 1941 2121
573743 2063 3147
321034 2166 3436
492436 1709 2547
984553 3347 -1
867593 2436 4866
550678 2248 3409
231714 3575 -1
898517 1771 2038
825193 3068 5208
542698 4822 5021
484183 4857 -1
167729 2183 5680
51686 1980 4588
182472 1775 2157
387179 1622 4075
1097 2823 4169
705729 -1 -1
2828 3482 4023
705973 3465 -1
7881 2895 3908
825132 -1 -1
244167 5455 -1
893506 2271 -1
687412 1641 1904
916863 1841 1893
667933 2308 3258
508307 3777 4874
834496 2066 2371
141383 1907 -1
675200 2210 2401
911295 4826 -1
950047 4037 -1
541957 3999 5321
19083 4386 -1
934573 -1 -1
222879 2721 2840
570731 2491 3039
92335 4724 -1
134167 4572 -1
472330 3420 5060
720671 -1 -1
242525 1865 2392
203585 2379 2504
958082 2122 4307
153860 2566 -1
225334 -1 -1
331765 5142 -1
449579 2139 2194
182611 1967 3560
97474 1627 1757
532201 -1 -1
731161 2640 -1
461683 5068 -1
207331 1595 5358
939555 3056 3247
804362 2693 2774
716983 1777 1786
218609 3209 -1
758323 3295 -1
740781 1795 4437
13222 2827 4364
160710 1829 2503
565107 3297 3779
314598 3372 5042
703063 1612 2008
748596 2626 5839
174114 1910 2209
473217 -1 -1
410625 4034 4799
634350 1675 -1
542671 2609 2777
306383 1807 3601
146231 1684 2362
192488 1846 2057
451857 1876 -1
444903 1965 4680
699554 1859 2051
278069 -1 -1
111411 2444 2749
565811 2377 -1
521865 -1 -1
551067 2483 2696
177557 2267 4896
936458 -1 -1
124835 2330 -1
366277 1844 3638
539323 2981 3783
779755 1718 3530
816119 -1 -1
298006 3250 3384
988696 2003 2140
145474 1671 2067
283459 4675 -1
546051 -1 -1
106436 -1 -1
687770 1726 3346
361836 2005 3158
371867 2557 2561
925533 1996 2671
77133 2134 -1
441735 2988 4548
236261 2913 -1
617441 5312 -1
660763 2570 3492
149478 1848 1944
296240 1649 2019
514873 2291 3098
778884 2980 4178
568516 2439 4852
274545 3739 4453
130799 3073 4895
128011 2838 3422
764799 2056 2583
239695 -1 -1
958901 -1 -1
19121 1826 2788
955540 2059 2201
486489 2234 -1
839694 4817 -1
273925 2454 3614
336064 1798 1877
920199 1738 1901
326904 1663 5795
259462 -1 -1
118736 1784 5221
900534 3167 4270
209051 4297 -1
582109 1704 2046
901074 5513 -1
565900 3766 -1
271336 2364 -1
72930 5861 -1
868315 3901 4514
962524 2844 4481
20329 2449 4464
127135 5168 -1
730112 1966 2011
552065 1674 3503
607654 2634 4648
682778 1683 -1
638306 2025 2897
5936 -1 -1
98342 -1 -1
355173 4363 -1
433783 4621 -1
116571 1995 4532
884523 1898 2681
826075 2311 -1
540622 -1 -1
666328 2872 2903
60269 4720 -1
150920 2167 2352
233513 5909 5938
94483 3571 3915
772054 -1 -1
66751 2050 3357
849255 2230 -1
288924 4330 4708
806823 2521 2639
908174 2206 2659
331159 2569 3290
765668 -1 -1
70322 2968 3208
960537 3058 3168
122484 1747 1823
559717 2687 5127
165270 4273 -1
963354 1895 2242
268213 1871 3214
436785 1813 4347
24545 1750 3995
251810 4378 5289
9541 3904 -1
611233 -1 -1
901842 2118 2528
807132 1882 -1
127533 4784 -1
489599 -1 -1
923055 -1 -1
273935 2432 2688
455496 2294 2690
828927 3343 4006
246687 3118 -1
664065 2653 5397
616300 4981 -1
805018 3988 5554
667223 3432 4712
17750 2328 2395
326901 3566 5270
314722 2771 3193
165192 2710 3633
925075 2213 -1
171109 3690 4911
476425 3102 -1
823099 3353 3390
356653 5195 -1
630887 2222 -1
626205 3262 5792
178386 -1 -1
425795 4197 -1
361571 1731 2409
160384 1759 1949
319414 1725 -1
783002 1732 5948
715227 -1 -1
31372 1787 1817
297514 3764 5836
769651 5697 -1
424790 1993 3508
529634 1796 2527
964260 2165 2218
992843 3740 4291
100791 2373 4496
294431 -1 -1
40542 -1 -1
23420 2399 4370
124492 2716 -1
834300 -1 -1
829745 3674 3750
22935 3300 3867
248235 5834 -1
30182 3818 -1
707265 1752 1921
462483 3312 4155
357928 4218 -1
908869 2396 -1
288452 -1 -1
225474 2365 3819
210429 -1 -1
128012 2542 2941
72686 4204 4559
388780 2290 2303
316467 3425 4143
661478 2014 -1
477255 -1 -1
218706 4012 -1
98305 2462 -1
791807 -1 -1
741316 -1 -1
524821 3621 -1
98248 3315 4114
500757 1905 3330
451690 2200 2424
68362 3248 5539
708264 -1 -1
176844 2391 -1
674001 2496 5103
596991 2882 -1
991723 3285 -1
377634 1827 2606
768686 5595 -1
366076 2608 3484
945234 4379 -1
332648 2239 2346
764864 2741 3106
44654 1951 3081
610409 2866 3359
746183 2108 3446
379158 1839 2904
190829 -1 -1
939929 2032 -1
157859 1970 2831
381001 2578 4170
680798 2077 2717
676181 3481 3927
205008 1924 2625
372587 2274 -1
548596 2071 -1
521729 2874 -1
710265 -1 -1
902216 2376 2891
856301 2174 2683
961775 2519 -1
918749 1875 3665
725616 -1 -1
842806 3097 -1
45487 2325 3114
650414 -1 -1
7556 4796 -1
544963 1874 3194
179876 3579 -1
904853 2429 2536
509879 2102 -1
74708 2163 2893
630798 1982 3832
228426 2214 3738
313926 2834 4072
751078 1810 2042
606381 2940 4645
234252 1903 -1
910362 2855 -1
168484 1833 -1
819282 1988 4127
500761 1863 1915
388956 1974 2030
429630 2604 4007
163682 5055 -1
105444 -1 -1
980565 2135 3137
308676 2172 5193
662972 2195 3217
892362 5387 -1
332796 2265 3021
430702 2512 2695
990764 4374 -1
673593 1847 1961
989264 2061 2224
217005 2013 5215
207964 2283 5115
76622 4042 4315
665647 3391 3643
405997 -1 -1
300871 -1 -1
857855 4615 5892
504600 -1 -1
552031 2778 -1
829688 2910 3253
856089 1900 -1
567950 2298 -1
570211 2129 -1
770392 1985 5177
558358 3488 4997
786895 2600 3483
523646 1881 -1
185520 -1 -1
837526 2420 4085
213085 -1 -1
633696 2956 4669
781113 3127 3146
870889 3063 3604
201426 -1 -1
778732 -1 -1
701537 2792 3027
972140 5137 -1
299327 2041 -1
978035 3660 -1
491406 2933 4823
568022 1947 -1
47063 3588 -1
873586 1872 5577
545062 2053 2101
50572 5583 -1
279633 2414 3687
842916 3111 4177
596637 -1 -1
714030 2662 2668
143058 2250 -1
985077 2099 2875
522381 1870 2351
881259 4836 -1
262099 2009 3477
943118 2184 -1
817096 2331 -1
494063 2620 3533
404633 3182 3863
34622 2482 2807
91574 1994 2785
855563 3423 5999
867618 2963 4524
413064 4202 -1
400589 2729 -1
495478 2359 2375
960632 1979 2212
996980 3205 -1
33806 2021 -1
854419 2323 3756
300773 2841 3162
576678 5399 -1
93366 -1 -1
241082 2111 3109
259852 1934 2419
337535 2158 -1
329089 3458 3562
497106 2093 2859
622592 2584 2947
392147 -1 -1
658589 2081 4382
308264 4667 -1
993830 2849 4192
488870 -1 -1
943936 -1 -1
303173 3544 5029
913193 2428 3040
248005 4133 -1
930498 2558 2952
974093 2421 2478
475769 2450 3939
462071 2887 3090
555081 2511 3973
958164 2221 2713
75898 4986 -1
118815 -1 -1
4912 2997 4475
835031 3264 4638
589864 3781 4259
594628 2117 -1
389943 4286 4876
873822 5411 -1
175456 -1 -1
237827 -1 -1
373016 3876 4018
821211 1935 4882
875537 1962 2381
798121 5254 -1
615706 -1 -1
647031 3163 3363
883475 -1 -1
866891 2292 2495
288317 4570 5560
352296 2070 2801
181127 3743 -1
922596 5840 -1
666025 -1 -1
615783 3879 4977
772580 5845 -1
979534 2339 3221
918818 2306 -1
159436 3897 -1
411682 -1 -1
281791 2232 5377
404562 -1 -1
578983 4497 -1
598510 -1 -1
560084 2750 5951
150950 2262 -1
31363 1958 2146
723161 2784 2966
622548 2964 4745
15038 3882 -1
261362 2400 2759
210521 5120 -1
842402 2630 -1
225794 5848 -1
889141 2664 2822
217463 4813 5354
408784 2073 2619
41661 5093 -1
59968 2978 -1
692078 4344 -1
610118 2015 2441
875497 -1 -1
304296 2241 3311
792636 3401 4872
533566 2986 -1
717752 4048 -1
583247 2769 -1
473991 -1 -1
518222 4989 -1
403911 3868 5546
192377 2776 2787
490664 5027 -1
886138 2002 3057
51227 -1 -1
391484 2425 -1
945322 2954 4994
845113 4886 -1
671297 3748 3862
487100 2176 3504
84828 4350 -1
74663 2629 3773
313439 -1 -1
542654 2488 3537
130622 2302 2989
875585 2055 4995
985294 4435 -1
922003 2154 2501
534353 5308 -1
392615 3978 -1
524100 2726 2812
151999 2853 2992
358610 3091 3586
247404 2072 2318
547019 2029 2789
764751 2145 2830
75014 4577 -1
471660 2156 2752
189465 -1 -1
570634 2143 4314
393092 -1 -1
7200 4238 -1
979874 -1 -1
817486 3049 4758
112324 3112 4186
365758 -1 -1
441068 2180 2720
570078 4849 -1
817141 3129 -1
231050 2453 -1
374920 4057 4302
941099 5793 -1
515423 4082 -1
536235 2408 2969
667689 3521 3932
141640 2800 3029
584492 2297 4139
382939 2039 5348
34129 3467 -1
92704 2707 2765
603904 2953 3780
742246 3273 -1
916058 2434 2748
897107 2087 2348
849430 2252 2991
996512 2133 2260
880725 2090 5202
914460 4212 -1
591272 2044 2708
332051 3314 4625
666417 3902 -1
845873 2317 -1
941562 2476 3574
375392 5152 -1
955482 5835 -1
547043 2272 3242
254949 -1 -1
104865 2261 2718
758993 2343 2692
929948 3837 4976
476926 -1 -1
813267 4039 4569
421786 3032 3395
763873 3563 -1
995982 2086 2534
81551 2268 3069
120799 2153 -1
9675 3989 -1
379234 -1 -1
350284 3023 -1
721108 2472 4485
29835 -1 -1
829499 2251 3014
16619 2384 4530
70867 2415 5991
359251 2244 2621
431183 3148 -1
423544 2125 5855
894927 2487 3076
812379 2119 4534
833776 4446 -1
490114 2719 2723
637803 4281 -1
304073 -1 -1
417674 2451 -1
657027 2463 -1
720329 4728 -1
467311 3877 4135
236528 2939 -1
186212 -1 -1
241327 2499 2577
560580 3345 4834
733257 2112 2598
47657 2412 2481
28994 2757 3117
273281 -1 -1
668887 5798 -1
932886 4418 5286
406547 2357 4404
106960 -1 -1
898409 3176 5651
38546 4759 -1
37323 3338 3678
588948 4657 -1
604836 5626 -1
500627 -1 -1
227481 -1 -1
113045 2618 -1
98215 2543 2833
422524 2100 2367
245746 3518 3555
781392 4383 -1
651389 -1 -1
561086 3211 -1
831492 4362 -1
934255 2612 -1
464618 -1 -1
636722 -1 -1
759452 2344 3203
334101 2358 3251
717333 3469 3763
827360 2305 3789
652552 3871 -1
810107 3108 -1
831815 -1 -1
578589 3159 -1
185605 2731 4300
48542 -1 -1
261784 -1 -1
946244 2518 5779
574789 2240 2335
651256 2144 -1
638783 3471 -1
938502 2892 3490
379710 3731 -1
45616 3352 -1
39468 4400 5249
686987 3230 -1
237806 5268 -1
92797 4940 5442
913334 3476 4746
274944 2753 3292
50847 2152 -1
287784 2171 2293
781482 3823 -1
890935 4236 5771
957213 2326 5451
891246 2813 2914
418042 -1 -1
961618 -1 -1
799977 3307 3576
495240 4711 5267
668530 3153 -1
560949 2555 3370
732104 5139 -1
840897 5078 -1
617653 4468 -1
909743 -1 -1
891047 3017 3071
427705 2880 5934
402196 3223 3801
755998 -1 -1
452434 3514 3622
576316 2202 2870
925599 -1 -1
11600 2525 -1
419466 2207 5223
506223 -1 -1
590220 2354 3510
998571 2836 -1
976495 2656 4376
708567 -1 -1
590643 3715 3749
467283 4060 4199
287361 2691 2755
384558 4983 -1
932262 3746 4831
302307 5083 5342
961935 2732 2742
783649 3243 4207
824730 -1 -1
556716 -1 -1
224570 3895 3941
186168 2826 3712
319155 2480 2507
975576 -1 -1
46013 2356 2508
387360 2814 3419
96307 5470 -1
454564 4103 -1
53319 -1 -1
968552 5681 -1
499528 2846 2865
611583 3598 5537
351347 2374 2533
418275 4583 -1
390291 4651 -1
352312 4432 4659
990852 2506 3400
658872 4509 -1
119247 2883 5244
799566 -1 -1
289400 2676 4855
795770 2624 -1
516823 4790 -1
359301 2402 5372
765215 -1 -1
646027 2188 2190
99561 2502 2957
68579 3659 -1
648425 -1 -1
737790 -1 -1
154626 3840 5689
754108 5694 -1
763011 2435 -1
162782 2321 2411
942154 3355 3558
325704 -1 -1
384417 2247 2824
181433 2799 2962
198017 -1 -1
444407 3362 -1
363572 2300 3424
838688 -1 -1
139752 -1 -1
383945 5461 -1
650511 3996 -1
605106 3104 3256
870338 2285 2313
136913 3275 3772
61173 5656 -1
627131 2360 3623
607172 -1 -1
360329 3277 -1
953138 -1 -1
235185 2911 4875
176656 -1 -1
745171 3532 -1
333568 3953 -1
140420 2565 2965
163411 2540 -1
880186 -1 -1
73161 -1 -1
664841 3742 4003
734556 2858 3758
504332 2572 2857
331188 2908 -1
314601 2607 2837
293037 5550 -1
165930 2385 -1
728723 4026 5324
195085 3861 5353
175907 -1 -1
178277 3554 5169
121722 4459 -1
688438 2322 3473
423081 2513 2825
679657 2551 3095
767841 3103 3760
513774 2931 -1
756743 5693 -1
784898 3187 3207
494070 2564 -1
62738 3727 4173
141300 3414 5182
183104 -1 -1
498618 3213 -1
492115 2388 -1
218204 4687 -1
679210 4017 -1
214822 4331 4923
470179 -1 -1
754070 2403 2848
209475 5132 -1
105946 3181 -1
203620 2299 2309
320385 3937 -1
578032 4554 -1
208094 2404 2611
827833 2917 5466
90393 2378 -1
399675 2603 3332
278447 3128 -1
144408 3266 5438
546327 3015 4513
338975 3033 3654
134583 -1 -1
896812 -1 -1
250587 4508 -1
525712 2492 3551
324724 3443 4960
935161 -1 -1
823393 -1 -1
824883 2539 4367
432538 2316 5945
711096 2764 4247
262304 4438 -1
90484 2756 3741
777127 -1 -1
266579 3993 4014
918906 3704 4906
654230 2648 -1
285778 -1 -1
42363 4258 4515
61634 3952 -1
137611 4635 5469
308096 2350 -1
553118 2526 -1
804028 -1 -1
438253 -1 -1
492297 3244 -1
254143 4865 -1
773355 3611 -1
591584 3335 5533
276959 -1 -1
134557 2590 -1
210695 2296 5890
105642 3478 -1
304917 2549 -1
387275 2493 -1
908821 2355 -1
856924 3463 4427
330685 2515 4689
450335 2804 3047
504323 2686 -1
971328 3331 4305
503269 5362 -1
600656 3231 5699
508497 -1 -1
886991 -1 -1
722620 3691 5291
553180 3064 -1
439468 2616 -1
12694 -1 -1
123599 5963 -1
829068 2635 -1
363183 -1 -1
781182 4655 -1
121481 3173 4493
696599 2685 -1
267935 2523 -1
756258 2369 2423
397611 -1 -1
638924 2971 3019
959602 3215 -1
254434 3174 4631
950993 4282 4840
502856 4769 -1
539197 3410 3552
763305 -1 -1
716358 4320 5039
715059 -1 -1
170780 -1 -1
539353 4561 -1
584181 2856 3351
763987 3263 -1
535190 3632 -1
156445 5247 5678
309346 4053 -1
515904 2568 2766
662018 3100 3376
748396 5471 -1
791735 -1 -1
39898 2781 -1
648692 -1 -1
325819 2440 2678
888149 2790 3600
922447 2674 2747
611923 3549 -1
628521 2410 3795
582854 5690 -1
797815 2563 3000
377463 2775 4945
54093 3281 3912
354784 2647 3454
179519 2631 2829
823072 2808 3361
910440 3786 4368
402888 2505 3088
147311 3713 5641
981809 -1 -1
978616 -1 -1
142282 3994 -1
352132 -1 -1
4276 3418 3794
313509 2779 2921
506356 -1 -1
87747 -1 -1
937642 5800 -1
460970 2918 3582
667754 2594 4891
41715 2876 -1
497567 3342 5175
727386 3155 4889
542532 2864 4160
953090 2999 3797
204864 3013 3245
168832 2633 3045
43671 2465 3880
588732 3516 -1
934118 -1 -1
442903 -1 -1
154441 -1 -1
797185 -1 -1
421896 4792 -1
575902 -1 -1
415896 2614 4596
503804 -1 -1
931336 2738 2946
39814 4550 5385
657193 4298 -1
140306 2455 3580
534174 2722 3509
887902 3003 5285
541415 -1 -1
283749 2469 -1
939295 -1 -1
707669 5403 -1
473203 3624 5649
146562 -1 -1
696445 2447 4329
997204 4614 5782
612455 3578 5199
884268 3318 4159
79912 5540 5973
134122 2810 -1
255320 -1 -1
717425 -1 -1
242978 -1 -1
964292 -1 -1
279125 2580 5505
549410 2889 -1
677954 3692 -1
382884 -1 -1
948746 -1 -1
326072 2782 3070
977362 -1 -1
913090 4224 -1
55781 3170 3269
743925 3675 5568
960290 5080 5976
104674 3254 4909
342006 3131 4227
659538 4391 -1
149541 3059 3185
82364 3520 -1
634733 2573 3246
250602 2532 3449
771339 3653 -1
157466 2697 2920
541982 4323 -1
386711 2772 -1
176774 -1 -1
806246 -1 -1
630165 3947 -1
175557 2977 3326
139531 5243 -1
52945 3498 -1
38140 3755 -1
354093 4998 -1
428093 2689 3239
946624 5480 5826
509157 4144 5721
310482 2588 5187
650115 2816 4116
390600 3296 3898
666529 -1 -1
935105 4901 -1
592466 2715 2725
65641 -1 -1
79436 -1 -1
755407 -1 -1
245921 3656 3657
303214 -1 -1
989275 -1 -1
572050 -1 -1
201755 5621 -1
147185 4988 -1
192357 -1 -1
841624 -1 -1
148443 3975 -1
482859 3612 -1
521519 4819 5279
523354 4188 -1
323408 3642 -1
954783 3048 3924
96086 -1 -1
997530 2623 4070
37143 3119 3577
556115 2650 3366
350893 3669 -1
152693 3559 4739
574505 3052 -1
230999 -1 -1
673711 2489 -1
951026 2734 5573
515724 4061 -1
500335 3546 4411
449990 4233 5500
69695 2567 -1
442563 -1 -1
41375 2727 3031
615883 2746 -1
376047 4765 4888
212137 -1 -1
365463 2486 2545
753541 5928 -1
868260 3860 4697
67691 3730 4052
569604 4716 -1
125379 3843 -1
79830 5463 -1
658430 3864 5866
877119 4069 -1
212199 -1 -1
963239 -1 -1
157847 4158 -1
639333 3472 -1
838083 3279 3747
189921 -1 -1
875634 -1 -1
249781 3668 -1
55821 -1 -1
870572 3670 -1
969920 3115 5300
14867 3079 -1
351424 3496 -1
658021 3416 5559
277275 -1 -1
408903 4024 4206
275912 2945 -1
112717 2867 3759
103997 3990 -1
64962 -1 -1
151339 4049 -1
363905 4967 -1
7568 -1 -1
844786 2959 3324
612399 -1 -1
733910 4287 -1
659788 4141 -1
311580 -1 -1
690824 2925 -1
336767 -1 -1
215852 2712 2786
147439 4594 4627
975803 -1 -1
736520 2906 3890
653865 3180 -1
736605 -1 -1
356230 4136 -1
853133 3171 4495
87074 -1 -1
44698 2934 -1
718050 -1 -1
571615 -1 -1
197147 3407 4851
949010 3776 -1
865451 4088 4558
474825 2815 -1
503632 3252 4333
837831 -1 -1
33281 3379 5705
564419 -1 -1
344611 -1 -1
911465 2998 -1
965510 4005 4246
408296 3107 4860
742028 3765 4107
973440 -1 -1
874777 4231 -1
883043 3373 5400
487950 4205 4861
323901 4679 -1
299478 -1 -1
204958 3055 3375
509348 -1 -1
274356 4002 -1
549441 3268 -1
776137 3232 3313
234715 2901 4628
209503 2928 -1
560053 2579 -1
499052 2711 4714
108202 3671 3857
820009 -1 -1
245626 4498 -1
343623 -1 -1
44570 3138 4165
275170 3190 3769
887486 2768 -1
755980 4962 -1
771415 2669 4109
477908 3710 5272
250441 3135 3720
587553 3599 -1
293132 3661 3911
70384 3457 4409
280166 2894 5072
638536 3429 -1
215358 3523 -1
804855 4050 4809
52420 2596 3374
786719 3202 -1
877975 3677 -1
467756 2758 -1
753429 5000 -1
169364 5702 -1
954908 5033 -1
786619 3543 4685
124966 4222 4715
604066 2761 3455
770062 3026 5526
318653 3321 4182
918463 -1 -1
59716 2803 3184
609376 4091 4601
168941 -1 -1
85581 -1 -1
387718 -1 -1
496775 2728 4356
390512 -1 -1
263693 4067 -1
372928 2851 3881
107903 5967 -1
589466 -1 -1
513407 3261 -1
541792 2930 -1
846842 4887 -1
106872 5079 -1
537476 2871 -1
421681 3224 5326
312449 3020 3466
870534 2845 3489
48532 -1 -1
916327 -1 -1
740553 2617 3602
813059 4985 5658
288841 3872 3919
114720 -1 -1
25867 2793 -1
951596 3495 5028
257851 2682 -1
938228 3280 -1
215796 3283 5925
463156 3233 5161
704533 4118 5322
559143 3528 -1
582300 3689 4111
959252 5363 -1
359416 2877 3166
386239 4444 -1
822183 3460 3697
913380 3421 3972
381578 5030 -1
902340 3858 4671
118455 2832 3096
388440 3515 4877
517962 3236 3649
378283 -1 -1
460347 3144 -1
520813 -1 -1
892604 2649 4020
313565 2949 3199
232721 3340 -1
759621 5048 -1
863635 3501 5229
517042 2654 -1
680918 5625 -1
13580 5796 -1
377954 2984 -1
34162 -1 -1
539609 -1 -1
840790 -1 -1
23039 2982 3130
126336 -1 -1
3890 4466 -1
70612 3827 -1
512298 2680 2762
630186 -1 -1
882636 -1 -1
876292 3198 3686
419555 3547 -1
429871 3565 4752
785521 -1 -1
811184 3008 3062
810257 3557 4805
292051 2802 3630
45387 5430 -1
402856 4610 5842
183301 5487 -1
791886 -1 -1
116530 3157 4019
481509 3767 -1
569610 4354 5453
882811 4016 -1
708886 3666 -1
622194 3672 5818
6333 -1 -1
316304 4511 5239
270977 -1 -1
172728 4242 5234
17642 2797 -1
127363 5307 -1
302358 2993 -1
721253 -1 -1
836135 5179 -1
969238 3038 -1
42380 3456 5724
685187 4448 -1
697580 -1 -1
804907 2714 3043
479416 2935 5318
456733 2805 -1
863328 3219 -1
765440 4658 -1
26946 3121 3931
529838 -1 -1
851739 4943 5154
200881 4643 -1
612632 5884 -1
464399 4078 4237
666187 3276 4316
907668 3893 5552
159871 -1 -1
198199 5736 -1
350893 -1 -1
318193 5519 -1
511139 -1 -1
894217 3349 -1
224290 -1 -1
306442 3711 -1
174546 -1 -1
924649 -1 -1
720596 3092 4605
526755 2905 4011
422978 3913 -1
93121 3470 4388
40655 3299 -1
563095 4924 -1
659416 3619 5181
825870 5730 -1
532937 4073 5499
148826 5516 -1
241352 3613 -1
472756 2972 4818
176304 5189 -1
788987 2960 -1
29681 -1 -1
421185 -1 -1
190370 3270 -1
263028 -1 -1
256772 3596 -1
787118 4953 5133
407591 5413 5990
43395 5886 -1
972081 -1 -1
200319 5743 -1
53276 3053 -1
778470 3616 4200
353271 3590 4317
462329 5417 -1
241349 -1 -1
806313 -1 -1
441996 -1 -1
80026 -1 -1
421084 2899 4420
579014 -1 -1
500815 -1 -1
940881 -1 -1
127153 3536 5687
954449 2879 -1
355913 3197 3364
395151 -1 -1
451937 -1 -1
996385 4292 -1
49160 2912 -1
338908 5864 -1
627586 3178 3892
304874 3206 3302
32947 2929 3709
246830 5647 -1
653055 3963 4013
291306 2888 -1
330580 4951 5813
387173 -1 -1
892647 4120 -1
571479 -1 -1
872773 3398 -1
255705 2994 3188
677076 5198 -1
571547 3385 -1
818132 4229 -1
340157 5070 5265
7065 4309 -1
412574 3165 3744
138186 2842 5916
425710 -1 -1
679191 -1 -1
209178 3383 -1
844614 3078 -1
995463 -1 -1
814444 5049 5969
858834 3344 -1
999165 -1 -1
927506 3222 -1
257673 4266 -1
857016 3542 -1
956475 2794 5259
645622 -1 -1
715106 4696 4919
998489 -1 -1
689701 4043 -1
194769 3775 -1
735253 -1 -1
722078 2835 3815
645326 4946 5715
709528 -1 -1
193181 -1 -1
795757 2798 2944
665706 3072 -1
650141 3584 3966
974532 -1 -1
791483 3377 5773
228893 3123 -1
548420 5176 -1
734514 3646 -1
160244 4119 -1
813395 -1 -1
840010 2854 3011
910762 4597 -1
341438 3282 3917
267320 5964 -1
262140 2973 -1
471133 2924 -1
863857 -1 -1
917342 3701 4100
852152 -1 -1
242863 4293 5508
478129 4221 4371
706720 4773 -1
795481 -1 -1
608532 4460 -1
866153 5765 -1
662631 3037 5599
545913 4791 -1
623661 3567 5015
145333 5495 -1
836853 5902 -1
983401 5338 -1
228592 -1 -1
955336 -1 -1
497874 -1 -1
86685 -1 -1
80296 -1 -1
705012 4269 4618
706108 3803 -1
489190 4762 -1
61560 5038 5584
45319 5045 -1
988619 -1 -1
893528 4544 -1
197755 2932 5151
543913 -1 -1
363036 3025 4349
335944 3408 -1
290045 3889 4579
857597 3866 3956
265277 -1 -1
268782 5695 -1
111424 3607 3625
140232 2976 -1
241978 3886 4080
961829 -1 -1
27858 3685 -1
11202 4121 -1
412461 -1 -1
874327 3474 4232
315630 3249 3824
185840 -1 -1
316258 -1 -1
229385 3336 -1
881099 5101 5248
283681 -1 -1
423529 -1 -1
80660 -1 -1
264141 5319 -1
228049 3350 -1
124577 -1 -1
637388 -1 -1
100378 -1 -1
907843 -1 -1
494023 -1 -1
686414 4507 5144
775567 2896 -1
59336 4051 -1
571848 4999 5896
231396 4171 -1
951895 -1 -1
13540 -1 -1
332417 -1 -1
38174 4152 -1
846145 -1 -1
247293 3512 4771
942596 -1 -1
882416 -1 -1
368687 5582 -1
469448 3175 -1
325416 4257 5944
90917 -1 -1
910448 -1 -1
214719 3164 -1
644100 4094 -1
346708 3238 4529
529292 -1 -1
293401 -1 -1
780022 4725 -1
312383 -1 -1
220947 3329 -1
967472 3113 -1
35658 3308 4519
743942 5820 -1
675699 3974 -1
323386 4637 5617
507157 3445 -1
790858 4607 -1
822690 4360 -1
944093 4677 -1
950959 3169 3784
531323 -1 -1
180328 3177 4267
690166 4346 -1
609446 5163 -1
745864 4969 -1
173702 -1 -1
566298 -1 -1
931633 -1 -1
620399 -1 -1
896367 4958 5006
884862 -1 -1
437576 3036 5684
275866 4647 -1
575766 4339 -1
680040 4479 -1
750367 -1 -1
16349 -1 -1
555869 -1 -1
712709 4793 -1
680162 3708 -1
194876 -1 -1
994471 4365 -1
142169 3487 4343
39467 3799 4941
641548 -1 -1
774571 4456 4921
580718 3030 4749
601038 -1 -1
772603 5939 -1
555820 3729 3805
511786 -1 -1
814188 3124 4183
983315 3074 -1
127175 4260 -1
614978 3191 -1
401439 3998 -1
692590 3328 -1
725282 3839 -1
616859 -1 -1
594081 -1 -1
372562 3201 -1
879448 4566 -1
162659 3325 -1
728721 -1 -1
463906 -1 -1
957335 3305 5051
912948 3288 -1
985609 3531 -1
693498 -1 -1
667979 -1 -1
819835 3120 4786
428951 3143 -1
344021 -1 -1
178192 4843 -1
465891 4426 5235
219872 4384 5118
677139 4393 -1
776970 -1 -1
86740 4348 4663
881512 -1 -1
366089 3438 -1
276108 -1 -1
321192 4101 4703
191930 -1 -1
98728 5431 -1
952235 -1 -1
771449 5061 5600
661292 3641 5383
215609 3016 4512
312124 4352 -1
231627 3926 4963
273784 -1 -1
385495 3210 3322
598339 -1 -1
735059 3721 5408
377856 3480 5780
621173 3717 -1
478601 4407 -1
465118 -1 -1
866113 3369 -1
497068 3227 -1
509094 5365 -1
475537 -1 -1
929888 3597 -1
960872 3009 3061
464837 3151 5924
455978 -1 -1
622648 3808 4399
515256 5873 5984
577846 3240 -1
635871 4208 -1
31719 3524 4209
294309 3200 3591
544100 3195 -1
88117 5998 -1
433227 4521 -1
86947 -1 -1
58848 -1 -1
174895 4480 5747
395562 5380 5493
798195 4340 -1
689025 3664 4499
539390 -1 -1
87602 -1 -1
761997 -1 -1
694097 5858 -1
508855 -1 -1
505941 3417 3535
632966 4090 5427
499755 4705 5723
413152 4589 -1
315666 -1 -1
362041 -1 -1
639225 3133 -1
240377 3235 5018
500735 -1 -1
833554 4299 4552
459700 4433 5654
348100 4457 -1
704710 -1 -1
583257 -1 -1
820074 -1 -1
561151 -1 -1
437859 3065 -1
467310 3341 3434
128102 5544 -1
607332 5475 -1
734548 3954 4009
65092 -1 -1
614132 5260 -1
153540 4442 -1
726582 3229 -1
264552 3945 -1
507314 -1 -1
774183 4151 4312
238864 -1 -1
571333 3099 3459
128860 5013 5269
706521 3406 3791
847312 5122 -1
199494 -1 -1
857322 4825 -1
232214 4372 5311
727411 3650 3930
863363 3216 3399
221571 -1 -1
1391 3220 -1
786901 4706 -1
349292 -1 -1
894400 3304 4394
32916 -1 -1
530009 5604 5720
256206 -1 -1
45325 3126 3608
569107 -1 -1
35845 4015 -1
580066 -1 -1
246543 4565 -1
748062 4965 -1
701038 3909 4539
352892 -1 -1
961964 4140 4417
757049 -1 -1
735107 4735 -1
675210 3306 5877
93360 -1 -1
984108 4175 5281
501338 -1 -1
475840 3298 3673
113532 3637 -1
690140 4179 -1
179804 -1 -1
248568 4835 -1
913457 -1 -1
807452 4553 -1
991105 4473 -1
19038 3845 3951
86420 3925 4525
290777 -1 -1
169637 3618 -1
366575 3150 5512
669941 3569 -1
275249 -1 -1
200588 5501 5688
267076 4609 -1
162311 -1 -1
480872 -1 -1
441100 4929 5961
386490 3161 3950
730141 -1 -1
834769 5950 -1
609151 4122 5476
172483 -1 -1
467591 5632 -1
45778 3648 5701
264214 4892 -1
118777 3225 3620
842280 3816 -1
348779 -1 -1
75930 3259 -1
952618 4181 -1
472667 -1 -1
786445 -1 -1
708442 -1 -1
111464 3497 -1
719076 -1 -1
451127 5210 -1
940642 3683 -1
176608 3196 3289
943884 4754 -1
330942 4068 -1
315254 4263 -1
273253 -1 -1
107756 5185 -1
225755 -1 -1
657144 -1 -1
800221 -1 -1
722317 3771 -1
536120 3334 -1
477662 -1 -1
567587 3237 -1
872106 -1 -1
49814 4563 -1
261109 3274 5298
382975 5205 -1
70379 3940 -1
884672 -1 -1
187048 -1 -1
514506 -1 -1
270785 3152 -1
97967 -1 -1
671041 5833 -1
975159 4767 5628
322559 3172 -1
313868 3787 4709
100715 -1 -1
550363 3404 -1
750154 4168 4964
771200 5729 -1
77341 -1 -1
493960 -1 -1
371567 -1 -1
773404 5034 -1
643857 -1 -1
88763 5940 -1
453384 -1 -1
36254 4694 -1
769876 4251 -1
956529 -1 -1
48290 3323 -1
333982 -1 -1
261330 4254 5523
441450 3825 -1
163379 5240 5977
522747 -1 -1
440680 -1 -1
886186 5017 -1
550519 3179 3511
688587 4700 -1
613525 3960 5880
716664 5922 -1
244705 5097 -1
260186 3752 4526
146701 -1 -1
1113 3984 5744
530223 4401 5929
425356 -1 -1
658824 3753 5110
185282 -1 -1
162496 3798 -1
239859 4787 -1
837244 3333 3444
866556 4996 -1
320492 5366 -1
934032 3970 5225
414475 -1 -1
397148 5448 -1
141601 -1 -1
638435 -1 -1
915038 3204 4021
35462 3241 -1
476479 3693 -1
921902 5323 -1
304359 5085 -1
265393 5926 -1
992521 5808 -1
590905 3725 -1
438592 4313 4971
842873 3916 4174
235927 4713 -1
871076 3479 4408
750668 -1 -1
340895 4502 4612
189456 5219 -1
810644 3719 -1
772739 3639 -1
235850 3592 5727
927849 -1 -1
634899 -1 -1
465774 4402 5464
881872 3820 -1
916440 5555 -1
674217 4225 -1
72572 4228 -1
799234 3714 5917
166016 -1 -1
293151 5920 -1
811136 3358 3694
812116 4777 4939
152320 -1 -1
474655 4520 -1
61256 -1 -1
112397 4195 5009
437276 -1 -1
727345 -1 -1
259048 -1 -1
140986 5923 -1
600101 3981 -1
352534 3628 -1
658611 4862 -1
639618 -1 -1
514751 5623 5894
928321 5065 -1
455888 -1 -1
884446 3745 4086
846764 -1 -1
130896 4737 -1
194151 -1 -1
712254 5409 5761
263000 -1 -1
554428 3388 3955
433278 4265 5316
935362 -1 -1
665616 3985 4166
731139 5131 -1
565494 -1 -1
660122 -1 -1
641869 3529 -1
481560 4789 -1
327950 -1 -1
526042 3284 3435
328951 -1 -1
1043 -1 -1
714108 4194 -1
605258 -1 -1
345587 3396 3433
552240 3525 5230
432549 5456 -1
200027 4385 5677
806310 3718 5098
249275 4490 -1
882792 -1 -1
69912 5226 -1
556109 3851 -1
512120 3811 -1
340545 5024 -1
155495 4217 4781
378334 -1 -1
70919 -1 -1
166955 5327 -1
686276 -1 -1
815645 -1 -1
704614 5258 -1
542450 4036 4163
745237 -1 -1
192203 5066 -1
728076 4025 4145
958835 -1 -1
313757 4056 5092
561557 -1 -1
105321 -1 -1
495521 -1 -1
319952 4033 5545
191921 3462 -1
383771 5830 -1
930065 3568 4546
411253 -1 -1
795152 3768 5283
282220 -1 -1
950069 4193 -1
543815 -1 -1
12636 4447 5310
933139 4148 5378
924719 3475 -1
525072 -1 -1
982891 3464 4595
461439 3705 3716
925202 5831 -1
504339 4931 -1
546852 4028 4278
918309 3545 4230
963039 5262 -1
451937 4150 -1
686933 4937 5271
258629 -1 -1
130860 4310 -1
444158 3371 -1
117419 -1 -1
607842 -1 -1
894623 -1 -1
191242 -1 -1
612502 4271 5306
760739 4574 4755
976812 5008 -1
834701 -1 -1
803296 4213 -1
476086 -1 -1
474597 -1 -1
453417 4261 -1
901516 4262 -1
581148 -1 -1
271987 -1 -1
962572 5141 -1
905204 5912 -1
601538 -1 -1
890304 -1 -1
867492 3676 3943
728666 4450 -1
388537 4788 -1
548579 3348 -1
726691 3809 5145
317142 5334 -1
590137 -1 -1
68182 4239 -1
611518 -1 -1
725897 4375 5876
936603 3587 -1
764906 3980 4914
502534 3835 -1
358103 3382 3519
805471 -1 -1
967498 3836 4501
829767 3949 -1
467966 3526 4474
210179 -1 -1
488791 -1 -1
601360 4975 -1
676832 -1 -1
414332 -1 -1
235634 5149 -1
893147 3810 4358
641081 -1 -1
493556 3788 -1
966971 5191 5253
820996 4032 -1
99047 3538 -1
514259 -1 -1
237183 -1 -1
524703 3732 -1
875013 -1 -1
907312 4573 -1
499709 -1 -1
607938 4816 5746
898710 -1 -1
528313 4812 5551
599304 -1 -1
365399 4252 5172
399211 -1 -1
516676 -1 -1
415259 -1 -1
543343 -1 -1
66682 -1 -1
633028 5032 -1
272023 3782 3807
392271 4935 -1
978496 5650 -1
80913 4167 5147
87686 4740 5561
467194 -1 -1
754392 -1 -1
975509 3411 3762
435590 4130 4698
242314 4542 -1
738436 4676 -1
675826 -1 -1
373638 5031 -1
91214 3971 5509
130982 -1 -1
388966 4690 -1
146874 -1 -1
875991 3440 -1
468569 -1 -1
858950 3461 -1
445637 4131 -1
565626 -1 -1
980396 4617 5593
855985 -1 -1
861539 5343 -1
832278 4425 -1
568246 3595 -1
992194 5995 -1
838375 -1 -1
909664 3426 3451
787898 -1 -1
444552 4332 -1
315257 3453 3581
117549 -1 -1
827936 5862 -1
22123 5020 -1
440352 -1 -1
216616 -1 -1
150507 -1 -1
146465 4004 4506
694787 4668 -1
162815 3907 5660
175172 5355 -1
253725 -1 -1
963920 -1 -1
211766 -1 -1
329091 -1 -1
531888 3541 -1
434481 -1 -1
249415 -1 -1
481891 4203 5297
81143 5213 -1
922385 -1 -1
931091 4146 5117
414128 5288 -1
266534 3875 5382
677700 -1 -1
321524 4190 -1
355658 3751 4176
447782 -1 -1
599005 5339 -1
386498 3849 -1
175461 4226 5851
13995 -1 -1
592698 -1 -1
403889 -1 -1
454039 5190 -1
62821 3761 4245
905693 5899 -1
157712 -1 -1
160352 -1 -1
632258 4071 -1
777101 -1 -1
981222 4582 -1
720594 -1 -1
107228 -1 -1
610876 4952 -1
780606 3942 4584
314525 4240 4710
471635 -1 -1
622220 -1 -1
617884 -1 -1
325570 5218 -1
543424 4172 4898
563403 3589 -1
113853 3790 5100
534252 -1 -1
319156 3527 -1
610198 4198 4656
118202 -1 -1
636906 4482 -1
816985 -1 -1
472335 -1 -1
372966 -1 -1
448029 -1 -1
661721 3636 5597
928362 -1 -1
267256 3983 4335
500173 3615 3831
156626 4798 -1
262634 4062 4856
774037 4486 -1
655807 4390 -1
629144 5596 -1
20661 4600 5901
804606 5520 -1
714404 5993 -1
531721 4824 -1
439701 3800 -1
681924 -1 -1
910479 3644 5125
658075 -1 -1
220081 4030 4801
750105 3894 -1
313585 4571 -1
243645 4147 -1
442195 3885 -1
82901 3513 -1
210690 4124 5023
788331 -1 -1
975492 -1 -1
39629 3540 4255
646824 3634 3842
471207 4414 -1
155191 -1 -1
711138 -1 -1
976374 -1 -1
118082 4611 -1
938812 3997 4833
382186 -1 -1
418125 -1 -1
439053 5525 -1
227368 3682 -1
721197 -1 -1
583779 4065 4296
557655 5284 5548
327185 5590 -1
364164 4154 -1
39557 -1 -1
168462 3572 3859
922172 -1 -1
554581 3700 -1
883567 5685 -1
902326 4629 -1
514658 3684 -1
29899 5104 -1
870818 3977 4604
491563 5162 -1
710354 -1 -1
915967 5709 -1
740589 -1 -1
946459 -1 -1
391112 5333 5360
236524 3726 5627
792931 5865 -1
672806 -1 -1
489119 -1 -1
502547 -1 -1
284193 -1 -1
132257 -1 -1
549270 -1 -1
511617 3534 -1
353826 4449 4837
816876 5257 5444
556567 3695 4187
616401 4244 4483
453937 4102 -1
535688 -1 -1
60063 -1 -1
56567 -1 -1
888097 -1 -1
163406 -1 -1
785481 -1 -1
658450 -1 -1
882749 4092 -1
996220 -1 -1
653537 4545 -1
90275 3933 4041
202266 -1 -1
751766 5527 -1
920278 -1 -1
675316 5293 -1
818963 -1 -1
844147 3734 4357
618148 3870 5893
539520 -1 -1
506304 3968 -1
793379 5735 -1
683213 4722 5335
998342 3651 -1
507945 4373 -1
811472 -1 -1
701776 4398 -1
897677 5913 -1
950064 5605 -1
975774 4820 -1
147892 4047 -1
407934 3606 3887
956281 -1 -1
254112 -1 -1
57320 3663 -1
885307 -1 -1
525858 4123 -1
306989 4045 4701
215907 -1 -1
282169 5320 5361
77763 -1 -1
580801 3594 -1
455163 -1 -1
733515 3878 4161
540569 -1 -1
825563 4959 -1
590784 -1 -1
412779 4304 5350
40882 4180 5749
454409 -1 -1
789842 4443 -1
720851 -1 -1
467466 4538 -1
879501 5153 -1
758533 4008 -1
435870 -1 -1
79963 -1 -1
978072 -1 -1
991810 -1 -1
932852 -1 -1
110479 4234 -1
422368 4128 -1
737493 4380 5557
893510 3821 5757
933911 -1 -1
867015 3635 3645
247621 -1 -1
840630 5770 -1
859175 -1 -1
180540 4541 -1
971387 -1 -1
51988 4608 4884
224751 -1 -1
696210 5341 -1
838031 4184 4640
980927 -1 -1
198888 -1 -1
966244 -1 -1
803204 -1 -1
384176 5369 -1
333505 4434 -1
264055 -1 -1
848979 -1 -1
801790 3869 -1
414620 3793 -1
18094 5978 -1
983542 -1 -1
683469 4764 4832
374759 -1 -1
657820 -1 -1
368816 -1 -1
712772 4665 -1
732562 5171 5580
783677 -1 -1
237790 -1 -1
79122 -1 -1
989703 5714 -1
19491 5933 -1
288086 -1 -1
394416 -1 -1
331539 -1 -1
721886 -1 -1
529668 -1 -1
539756 5121 -1
753445 3903 -1
867812 5514 -1
772585 3652 -1
415428 -1 -1
632082 -1 -1
940777 -1 -1
753503 3796 -1
250920 4093 -1
655735 3724 -1
468065 -1 -1
605667 4149 -1
845015 -1 -1
229897 5207 -1
835647 5255 -1
999155 5107 -1
80171 5003 5732
21692 -1 -1
469289 5819 5935
659459 5908 -1
856555 3728 -1
401080 -1 -1
816117 4249 5089
308962 -1 -1
247163 -1 -1
558790 4885 -1
173926 4537 5096
19505 5356 -1
325208 5962 -1
625503 4742 -1
908901 3754 -1
598431 -1 -1
636518 3774 4321
958400 4505 5002
779222 3900 4280
992485 4322 -1
513862 -1 -1
992516 5549 -1
240535 3884 4157
826721 -1 -1
304878 -1 -1
330606 4256 5294
591376 4619 -1
519309 -1 -1
156606 3921 5046
651565 3910 5022
78410 -1 -1
305837 3991 4063
720242 -1 -1
186226 -1 -1
567195 4859 -1
994350 -1 -1
189848 5074 -1
329335 3707 5357
958778 -1 -1
562857 -1 -1
840167 -1 -1
837862 4336 5087
197807 -1 -1
420665 4126 4311
109377 4142 4751
70405 4642 4902
37811 3722 -1
43845 3841 4077
496468 4661 5231
800741 3928 4353
388716 -1 -1
218995 -1 -1
723324 4704 -1
572588 -1 -1
401946 -1 -1
965367 -1 -1
534385 -1 -1
59814 4653 -1
628745 -1 -1
101385 -1 -1
836520 3757 -1
594641 -1 -1
528400 -1 -1
140320 -1 -1
202939 4476 5542
585035 4527 5389
377516 5489 -1
991821 -1 -1
124193 -1 -1
945008 -1 -1
310203 4214 4416
101572 -1 -1
655866 4580 4829
788468 -1 -1
813802 3896 -1
476272 -1 -1
114010 -1 -1
40458 -1 -1
598654 4942 -1
266950 4089 4132
925599 4223 -1
106028 3986 4686
225265 4492 -1
813746 3853 -1
853701 4387 5047
769394 -1 -1
650223 3802 -1
217165 -1 -1
372957 4027 -1
623276 3906 -1
615478 -1 -1
611187 -1 -1
101428 -1 -1
530634 5781 -1
830788 4973 -1
972828 4691 -1
399019 5524 -1
553719 -1 -1
396102 -1 -1
341896 -1 -1
37973 4472 5134
282067 4912 5164
980081 -1 -1
173161 -1 -1
615512 -1 -1
448489 -1 -1
152443 4341 4462
267784 4076 -1
98629 -1 -1
572246 4598 -1
670288 -1 -1
536545 3992 -1
582375 -1 -1
662487 -1 -1
559109 4461 -1
672230 4084 -1
595200 5058 -1
432787 -1 -1
214613 3899 -1
453321 3812 -1
346450 -1 -1
70470 5126 -1
428112 4105 -1
218345 -1 -1
162023 -1 -1
654803 -1 -1
961120 3813 -1
267542 -1 -1
250937 3962 -1
980516 4038 4531
951509 4054 4683
530107 -1 -1
342593 5381 -1
94237 4046 4723
805421 5450 -1
129675 4059 4734
138543 4761 5515
354034 -1 -1
135962 5264 5766
269815 3847 4328
258789 4064 -1
859872 -1 -1
786643 -1 -1
101928 4652 4794
409534 5416 5915
202852 -1 -1
929252 4113 5094
984403 4098 5037
637625 5421 -1
495265 5044 5220
812540 -1 -1
589177 -1 -1
916420 -1 -1
628220 5812 -1
509504 -1 -1
332142 4560 -1
15413 4903 -1
689096 -1 -1
331391 -1 -1
183789 4747 5422
789392 4248 4800
332592 5420 -1
536280 5392 -1
386519 -1 -1
926624 4440 -1
830612 -1 -1
941940 4504 -1
183777 -1 -1
380015 -1 -1
601732 4873 4899
332729 5664 -1
855293 4196 -1
539726 3982 -1
94271 3944 -1
374708 3865 -1
842146 -1 -1
396927 4129 -1
301393 -1 -1
291671 -1 -1
585026 -1 -1
55013 -1 -1
68323 5823 -1
973324 4153 5530
575363 -1 -1
232132 4591 -1
968987 3855 4522
102003 5317 -1
751785 3888 -1
671845 4201 -1
780434 4916 -1
454092 3846 4678
210155 4115 -1
135963 4585 -1
448634 -1 -1
220418 -1 -1
909620 -1 -1
689575 -1 -1
116656 4766 -1
860256 4770 -1
728841 4001 5983
344917 -1 -1
365023 3976 -1
810315 -1 -1
142559 4110 -1
516458 -1 -1
937484 4029 -1
46232 -1 -1
111701 -1 -1
705013 4031 -1
766988 -1 -1
820642 5128 -1
864698 4736 -1
297669 -1 -1
501907 -1 -1
151216 -1 -1
455214 3987 5562
287020 -1 -1
193659 3958 -1
916799 -1 -1
929424 -1 -1
416974 4219 -1
764907 4397 -1
233411 4780 -1
127887 -1 -1
69660 4803 -1
877517 -1 -1
636738 4361 4650
774272 4551 -1
455981 -1 -1
407693 -1 -1
964762 3969 -1
150706 -1 -1
984076 4897 5406
90784 -1 -1
880151 4613 -1
872942 -1 -1
468037 4702 4815
176553 -1 -1
378529 -1 -1
716526 -1 -1
914796 -1 -1
26740 5076 -1
241591 -1 -1
610257 -1 -1
388408 4670 -1
625998 5277 -1
924902 -1 -1
669147 -1 -1
80330 -1 -1
792998 -1 -1
854520 5050 -1
555739 5091 -1
811857 -1 -1
753084 -1 -1
853681 -1 -1
919221 5237 -1
992125 -1 -1
717134 -1 -1
948174 4620 5986
272865 4044 5325
644744 4405 5062
820460 5073 -1
256200 4510 -1
847152 5859 -1
634751 5146 5214
877607 4125 -1
100010 -1 -1
421046 5064 -1
277776 -1 -1
34576 4633 -1
753029 -1 -1
985298 -1 -1
181962 -1 -1
459911 4900 -1
52225 -1 -1
79635 -1 -1
465596 -1 -1
820683 -1 -1
104550 -1 -1
871562 -1 -1
969181 -1 -1
733616 4719 5468
638300 -1 -1
651211 5828 -1
740978 4893 -1
449840 -1 -1
281440 4592 4970
228581 4243 4279
746537 5822 -1
388250 -1 -1
640154 4191 5968
561483 4035 -1
29800 -1 -1
523229 -1 -1
276976 4445 4593
432768 -1 -1
86120 -1 -1
225014 4867 5644
669046 -1 -1
600483 4957 -1
76779 -1 -1
343868 -1 -1
165813 4947 -1
327774 -1 -1
819532 -1 -1
885078 -1 -1
251206 5534 -1
440023 4624 -1
157586 -1 -1
915800 -1 -1
81658 4718 -1
532838 5662 -1
486828 4097 4556
154313 5803 -1
22349 -1 -1
985741 -1 -1
393972 -1 -1
123253 -1 -1
857035 5676 -1
345540 -1 -1
707247 5375 -1
738393 4666 5303
341238 -1 -1
336930 5674 -1
429108 -1 -1
30808 -1 -1
717548 -1 -1
612105 4275 -1
432376 4688 -1
759049 -1 -1
161418 -1 -1
870864 5007 5418
324733 4478 5415
348090 4274 5811
354257 -1 -1
417480 -1 -1
769180 4744 -1
275325 4578 -1
213933 4828 -1
642495 4630 4864
599011 -1 -1
225909 5184 5607
167994 4575 -1
63133 -1 -1
846873 4106 -1
208551 5496 -1
962514 -1 -1
283387 -1 -1
809446 -1 -1
578202 5457 5504
565868 -1 -1
149589 -1 -1
897377 5753 -1
594169 -1 -1
179611 4308 5004
625842 -1 -1
983117 5371 5653
770312 5390 -1
12967 -1 -1
351307 4283 -1
730113 -1 -1
829901 5616 -1
553127 5410 -1
88684 4830 -1
616383 -1 -1
891332 -1 -1
945531 -1 -1
683618 -1 -1
699060 5543 -1
933266 5349 -1
909391 5566 -1
999239 -1 -1
65037 4040 5815
118747 4164 -1
500748 -1 -1
830375 5598 -1
536025 -1 -1
652814 5670 -1
173520 4338 -1
171735 5622 -1
778070 4516 5791
532312 -1 -1
109622 -1 -1
575624 -1 -1
902151 -1 -1
339704 -1 -1
810943 -1 -1
382519 4753 5972
198942 5266 -1
123271 -1 -1
608674 -1 -1
784402 4284 5398
853210 4351 -1
7313 -1 -1
43736 4156 -1
783875 -1 -1
498851 -1 -1
645324 5832 -1
866531 4626 4639
584331 4868 5914
427989 -1 -1
649103 4853 -1
239285 -1 -1
718780 -1 -1
388228 5135 -1
30277 -1 -1
555972 -1 -1
859046 4429 -1
880698 4783 -1
380420 4104 4326
238525 -1 -1
307718 -1 -1
891784 -1 -1
588432 -1 -1
287199 5535 -1
491375 4523 -1
651288 -1 -1
179202 -1 -1
689428 -1 -1
634991 -1 -1
944091 -1 -1
950428 5165 5844
836905 5201 -1
142699 4452 -1
265245 -1 -1
609000 -1 -1
670005 4795 -1
307890 4355 -1
593122 -1 -1
7351 -1 -1
714502 -1 -1
415749 -1 -1
659301 -1 -1
65664 4990 -1
966383 -1 -1
499725 4137 4436
248912 -1 -1
115950 -1 -1
356055 4395 -1
113690 -1 -1
535652 -1 -1
913297 4756 -1
692566 4369 -1
873045 -1 -1
672400 5570 -1
909213 4707 5966
235599 -1 -1
25699 4412 5379
422603 -1 -1
424945 -1 -1
26932 4930 -1
808777 5472 5620
955521 5158 -1
959535 -1 -1
722245 -1 -1
640910 5474 -1
448259 5292 -1
630058 5790 -1
480109 4325 5875
88745 -1 -1
230073 -1 -1
214159 -1 -1
689733 -1 -1
665587 -1 -1
192316 -1 -1
132261 -1 -1
678418 -1 -1
707954 -1 -1
665149 -1 -1
858320 5849 -1
434989 5567 -1
978443 -1 -1
654212 4738 5304
648780 4216 4484
682053 4463 4743
849456 -1 -1
336768 -1 -1
729643 -1 -1
772090 -1 -1
499890 5256 -1
817226 -1 -1
105400 -1 -1
125024 4253 -1
838607 4319 4536
271871 -1 -1
965873 4938 5473
326708 5328 -1
196109 -1 -1
521678 -1 -1
784189 4933 -1
256931 -1 -1
983163 -1 -1
182572 4987 -1
704727 -1 -1
40975 -1 -1
198017 -1 -1
563457 4318 5290
246838 4410 -1
188383 -1 -1
938515 -1 -1
991018 -1 -1
700693 5989 -1
292977 -1 -1
552595 -1 -1
39211 4779 5704
324588 -1 -1
995701 4956 -1
471346 5517 -1
616831 5040 -1
240366 -1 -1
442685 4587 -1
953438 -1 -1
359771 -1 -1
542376 4890 -1
758391 -1 -1
143900 -1 -1
961831 5655 -1
1298 4403 -1
783453 4396 -1
362840 -1 -1
537443 5980 -1
301534 5897 -1
474613 4748 4806
611557 -1 -1
868754 5352 -1
631825 -1 -1
415620 -1 -1
403431 4632 -1
176695 4285 5428
591531 5395 5930
85708 5587 5802
881663 5367 5943
271331 -1 -1
206859 -1 -1
41011 -1 -1
288399 -1 -1
784002 5657 -1
410338 -1 -1
659999 -1 -1
532897 -1 -1
374276 5025 -1
45034 -1 -1
416718 4210 4235
492051 5602 -1
602116 -1 -1
199964 -1 -1
527543 -1 -1
263894 5196 -1
880264 -1 -1
297917 -1 -1
448658 -1 -1
543130 5633 -1
820788 5305 -1
295206 -1 -1
146264 5696 -1
817764 -1 -1
900873 -1 -1
352081 -1 -1
687590 -1 -1
471952 -1 -1
421751 -1 -1
940725 4264 5159
914516 -1 -1
692725 4301 4406
716202 4932 -1
573754 5211 -1
230922 5228 -1
555617 -1 -1
158561 5965 -1
131544 5528 -1
599210 -1 -1
878318 -1 -1
248046 5129 -1
334037 -1 -1
452625 4359 5698
24312 4290 4342
16038 -1 -1
973652 4528 -1
101634 4337 -1
917536 5010 -1
842605 5180 -1
679655 4858 5911
522746 -1 -1
645965 5301 -1
339699 -1 -1
806145 -1 -1
373932 4465 4555
846483 -1 -1
253280 -1 -1
627568 -1 -1
234516 -1 -1
941256 -1 -1
560431 5344 -1
939544 4494 -1
353388 5900 -1
460438 4428 5057
273337 -1 -1
737667 4389 4439
61221 5640 -1
43814 -1 -1
135214 5502 -1
120150 5209 -1
439265 5661 -1
679962 -1 -1
65287 4920 5095
942851 5423 -1
204872 -1 -1
829215 -1 -1
967110 -1 -1
780641 -1 -1
720036 5429 -1
349063 4654 -1
450237 -1 -1
876585 4413 4774
687355 4303 5090
959791 -1 -1
466870 -1 -1
71956 -1 -1
316947 -1 -1
897403 5439 -1
9004 4415 -1
658949 5776 -1
212127 5287 5794
959385 -1 -1
822886 -1 -1
14849 5313 -1
761268 -1 -1
330422 -1 -1
622206 -1 -1
588743 -1 -1
184072 5841 -1
883433 -1 -1
894992 4366 4934
641793 5547 -1
40193 -1 -1
374748 4477 4586
505374 -1 -1
972430 -1 -1
330655 4487 -1
733286 4295 4757
492919 -1 -1
855375 5160 -1
625252 5041 -1
346357 4684 4869
707157 -1 -1
398121 5026 -1
95109 -1 -1
236373 -1 -1
519610 4910 4918
737117 5994 -1
342939 -1 -1
697277 -1 -1
154100 4549 -1
915794 -1 -1
979201 -1 -1
629814 5564 -1
355961 5686 -1
751218 -1 -1
127422 -1 -1
274644 4424 4978
651568 -1 -1
929635 5295 -1
241718 -1 -1
959818 -1 -1
335854 5491 -1
679709 -1 -1
653188 4623 -1
839720 -1 -1
327188 4804 -1
992845 -1 -1
625404 -1 -1
484874 -1 -1
856914 4660 -1
308323 -1 -1
488740 -1 -1
142108 4467 -1
138327 5682 -1
420124 -1 -1
653650 -1 -1
839253 4451 -1
148208 -1 -1
558369 -1 -1
518056 5778 -1
701355 -1 -1
194792 -1 -1
646621 -1 -1
604522 5774 -1
985039 4915 5885
696317 -1 -1
468355 -1 -1
909572 4814 4982
716235 -1 -1
912410 -1 -1
660808 -1 -1
229543 5054 -1
661677 -1 -1
839743 -1 -1
565786 -1 -1
260921 -1 -1
790538 -1 -1
744059 -1 -1
835824 5435 -1
921744 4802 5014
240703 5825 -1
43833 4423 -1
801140 4979 -1
887552 5485 -1
644693 -1 -1
398851 4922 -1
211971 4741 -1
272824 4980 -1
340420 -1 -1
803901 4993 5643
358078 -1 -1
746870 -1 -1
969439 -1 -1
776799 -1 -1
958304 -1 -1
289429 5242 5275
34263 5837 -1
837251 -1 -1
506887 4471 -1
214521 5799 -1
910711 4880 -1
379094 -1 -1
574915 -1 -1
821791 5907 -1
356373 4576 5987
247354 5611 -1
6310 -1 -1
356941 -1 -1
577605 -1 -1
692371 -1 -1
387903 -1 -1
174911 5612 -1
814644 -1 -1
676339 -1 -1
731311 4733 -1
917478 -1 -1
450703 -1 -1
610202 -1 -1
619909 -1 -1
523139 -1 -1
156281 5606 -1
940773 5738 -1
160956 -1 -1
908578 -1 -1
833331 -1 -1
877308 4871 -1
449492 5005 5615
94738 4488 4961
778831 -1 -1
528904 -1 -1
991151 -1 -1
987113 -1 -1
700152 5446 -1
931199 5251 -1
225423 -1 -1
449357 -1 -1
353156 4547 -1
804287 -1 -1
150607 -1 -1
106617 5088 5759
175792 -1 -1
826 -1 -1
922295 5492 -1
911750 -1 -1
988429 -1 -1
699987 -1 -1
913365 -1 -1
818469 4533 4674
285105 5462 -1
799058 -1 -1
656783 4562 -1
633 4517 5592
104070 4644 -1
371213 -1 -1
201798 -1 -1
181365 -1 -1
893699 5751 5867
522481 4500 -1
97751 -1 -1
388867 5775 -1
312852 -1 -1
419169 -1 -1
289509 -1 -1
319561 -1 -1
174160 -1 -1
500108 -1 -1
227926 -1 -1
161835 5460 -1
94378 -1 -1
617732 5252 -1
509930 -1 -1
939080 -1 -1
361132 5646 -1
327508 -1 -1
114517 4489 -1
736411 4673 4966
256040 -1 -1
492497 -1 -1
252140 4731 -1
823117 -1 -1
106958 5483 -1
822831 -1 -1
158924 -1 -1
929027 -1 -1
779178 -1 -1
693721 -1 -1
721242 -1 -1
529660 -1 -1
787243 -1 -1
70928 4950 -1
263673 5718 -1
912749 -1 -1
283199 -1 -1
825318 -1 -1
750939 4606 4992
132118 -1 -1
590951 -1 -1
134193 5082 -1
557884 -1 -1
373428 -1 -1
904057 -1 -1
883849 -1 -1
266218 -1 -1
495584 5824 -1
42570 -1 -1
475380 -1 -1
36263 5613 -1
689140 4603 -1
298882 -1 -1
494027 -1 -1
249939 5329 5639
963702 -1 -1
220726 5740 -1
402733 4726 -1
78324 -1 -1
876735 5116 -1
631189 -1 -1
76519 4768 -1
949153 -1 -1
520215 5479 5787
405930 -1 -1
5980 -1 -1
164364 -1 -1
797950 -1 -1
511604 -1 -1
285298 4926 5138
923841 -1 -1
186175 -1 -1
66801 -1 -1
848903 -1 -1
954370 -1 -1
999149 -1 -1
500026 -1 -1
675838 4641 -1
370192 -1 -1
958124 -1 -1
764229 -1 -1
408125 -1 -1
588680 5053 -1
358654 4827 -1
659617 -1 -1
465850 -1 -1
597565 5571 -1
484395 -1 -1
196094 -1 -1
550261 4535 -1
911651 5910 -1
207834 4808 -1
117195 -1 -1
641987 5648 -1
910903 -1 -1
435300 -1 -1
141201 -1 -1
910521 -1 -1
740716 4807 -1
948202 5882 -1
125640 -1 -1
562285 4850 -1
906612 5988 -1
42515 5700 -1
743511 -1 -1
158174 -1 -1
189377 -1 -1
178331 5603 -1
969182 -1 -1
330465 -1 -1
631885 5748 -1
280836 -1 -1
363090 -1 -1
699810 4662 4797
78357 -1 -1
994263 -1 -1
36478 4863 -1
875875 -1 -1
648660 -1 -1
368265 -1 -1
167107 -1 -1
517600 -1 -1
649232 -1 -1
95576 -1 -1
504883 4841 -1
194932 -1 -1
105929 5351 -1
847135 -1 -1
47348 4750 -1
452980 -1 -1
345662 -1 -1
59130 -1 -1
248203 5059 -1
13719 -1 -1
625240 -1 -1
911805 -1 -1
395664 -1 -1
336199 -1 -1
620579 -1 -1
789835 -1 -1
630492 -1 -1
176360 -1 -1
374317 5204 -1
192253 5789 -1
504401 4763 5465
526344 5565 -1
474893 4948 -1
347744 5370 -1
906382 4634 5843
586332 -1 -1
629626 -1 -1
560298 -1 -1
947832 5224 -1
674757 -1 -1
539929 -1 -1
402564 -1 -1
448272 -1 -1
413702 -1 -1
508381 5510 -1
265763 -1 -1
681878 -1 -1
439702 -1 -1
492673 -1 -1
868256 -1 -1
917852 -1 -1
515946 -1 -1
281862 -1 -1
573756 -1 -1
767633 -1 -1
809009 -1 -1
12784 5011 -1
70122 -1 -1
646004 4727 -1
634268 -1 -1
110833 5075 -1
150989 -1 -1
949485 4917 -1
942122 5742 -1
569549 5212 -1
755639 -1 -1
538884 4883 5731
260057 4616 -1
596629 -1 -1
407767 -1 -1
903415 5503 -1
153257 5217 -1
73916 -1 -1
86319 5109 -1
379352 -1 -1
461887 5077 5659
561119 -1 -1
531185 -1 -1
577516 -1 -1
898734 -1 -1
138069 5785 -1
197922 4905 -1
112183 -1 -1
155859 5123 -1
91438 -1 -1
736835 -1 -1
127245 5273 -1
754263 -1 -1
872085 4927 -1
176313 -1 -1
102989 -1 -1
636884 -1 -1
690864 -1 -1
649899 -1 -1
378001 -1 -1
537840 4894 -1
979435 -1 -1
913921 5274 -1
637339 5767 -1
990061 -1 -1
815088 -1 -1
610729 -1 -1
5662 -1 -1
406820 -1 -1
479296 -1 -1
407651 -1 -1
666182 -1 -1
777748 4878 -1
457993 -1 -1
593721 -1 -1
635028 -1 -1
126127 4775 -1
879202 -1 -1
877106 -1 -1
543165 -1 -1
377679 -1 -1
701828 -1 -1
322200 5241 -1
806276 5347 -1
831447 -1 -1
434212 -1 -1
240761 -1 -1
90284 -1 -1
262213 -1 -1
844079 -1 -1
487960 -1 -1
502616 5067 -1
453811 5250 -1
468834 4881 -1
211054 5203 -1
42778 -1 -1
228134 -1 -1
572488 -1 -1
260048 -1 -1
486879 5763 -1
252154 -1 -1
172865 -1 -1
330243 -1 -1
917755 5576 -1
954932 -1 -1
420795 -1 -1
863735 5817 -1
459584 5996 -1
306563 5432 -1
412239 -1 -1
906669 -1 -1
486271 5762 -1
699512 -1 -1
190653 -1 -1
173025 5942 -1
634981 5445 -1
148396 -1 -1
17074 -1 -1
531499 -1 -1
117032 5675 -1
344712 -1 -1
50579 5393 -1
819857 5691 -1
565081 -1 -1
993558 5459 -1
433218 -1 -1
217621 5148 -1
850229 -1 -1
363950 -1 -1
113736 5889 -1
21220 4845 -1
120944 -1 -1
930068 5809 -1
654369 -1 -1
255883 5981 -1
376441 -1 -1
873400 5801 -1
607028 -1 -1
256900 -1 -1
399784 -1 -1
837486 5708 -1
550620 -1 -1
740106 -1 -1
742620 -1 -1
998215 -1 -1
91732 -1 -1
653991 -1 -1
991012 -1 -1
697018 -1 -1
898247 -1 -1
462266 -1 -1
378448 -1 -1
897015 -1 -1
897050 -1 -1
185744 -1 -1
96847 -1 -1
27201 -1 -1
205469 5143 -1
503974 5386 -1
403543 -1 -1
669598 5414 -1
934149 -1 -1
300252 4944 5937
437374 -1 -1
214725 -1 -1
880232 5481 -1
516681 -1 -1
810899 -1 -1
745983 -1 -1
986927 -1 -1
572903 4925 -1
566233 5302 -1
801091 -1 -1
558780 4785 5238
241517 -1 -1
456669 -1 -1
878672 -1 -1
120860 -1 -1
506827 -1 -1
652589 5222 -1
46470 -1 -1
934881 5155 -1
306574 -1 -1
293514 -1 -1
405608 -1 -1
452057 -1 -1
581775 -1 -1
419998 4776 -1
965154 5227 5518
904113 5507 -1
627001 4846 5102
792534 -1 -1
347095 -1 -1
391533 -1 -1
348575 -1 -1
741755 -1 -1
541229 -1 -1
202658 -1 -1
18571 5958 -1
976978 -1 -1
800533 -1 -1
359532 -1 -1
999319 5012 5631
823121 -1 -1
625232 -1 -1
494752 -1 -1
337479 4949 -1
221208 -1 -1
377231 -1 -1
148276 -1 -1
187993 5574 -1
805316 5895 -1
767648 4955 -1
569405 5838 -1
373443 -1 -1
577520 5016 -1
672542 -1 -1
497951 -1 -1
614207 -1 -1
910701 -1 -1
795672 -1 -1
684715 -1 -1
177791 5672 -1
228296 -1 -1
792861 -1 -1
303254 5340 -1
716322 5140 -1
259715 5888 -1
552303 5881 -1
188197 -1 -1
231070 -1 -1
964601 -1 -1
794685 -1 -1
386292 -1 -1
119974 -1 -1
185129 -1 -1
502707 5105 -1
647204 5156 -1
143699 -1 -1
71364 -1 -1
252158 -1 -1
902247 -1 -1
469433 -1 -1
142430 -1 -1
421072 -1 -1
615347 5478 5629
362502 -1 -1
601498 5056 -1
109438 -1 -1
14161 -1 -1
757111 -1 -1
272709 -1 -1
731170 -1 -1
785244 -1 -1
500281 -1 -1
449994 5725 -1
648240 -1 -1
490295 -1 -1
161470 5610 -1
407702 -1 -1
779435 5506 -1
495007 -1 -1
466022 -1 -1
574756 -1 -1
977554 -1 -1
645265 -1 -1
448706 5733 -1
603818 -1 -1
580551 5768 -1
498378 -1 -1
567761 -1 -1
623432 5106 -1
572022 -1 -1
840057 5166 -1
209997 -1 -1
937374 -1 -1
874188 -1 -1
961019 -1 -1
163965 -1 -1
633175 5784 -1
215892 5108 5136
38183 -1 -1
495284 -1 -1
104577 5788 -1
623162 -1 -1
699459 -1 -1
943306 5124 5130
977357 -1 -1
355328 5874 -1
906542 -1 -1
37186 5113 -1
412859 -1 -1
524617 -1 -1
635042 -1 -1
252625 -1 -1
138016 -1 -1
285512 -1 -1
47461 5970 -1
549879 4984 -1
117656 4928 -1
362119 -1 -1
207514 -1 -1
152057 -1 -1
877573 -1 -1
838249 -1 -1
939661 5440 -1
605414 -1 -1
767400 -1 -1
436044 -1 -1
948922 -1 -1
221811 -1 -1
346544 -1 -1
809601 -1 -1
791944 -1 -1
638999 -1 -1
976194 5716 5997
24822 -1 -1
331156 5868 5982
772172 -1 -1
703531 -1 -1
498665 5001 -1
963253 5601 -1
748921 -1 -1
685939 -1 -1
298962 -1 -1
427625 -1 -1
696118 5396 -1
229862 -1 -1
886227 -1 -1
678992 -1 -1
456548 -1 -1
23991 5261 5624
686089 -1 -1
385182 -1 -1
124026 -1 -1
791986 5368 -1
577342 -1 -1
629521 5197 -1
746595 -1 -1
829058 -1 -1
891693 -1 -1
510195 -1 -1
42536 -1 -1
375349 -1 -1
242344 5804 -1
864751 -1 -1
738564 -1 -1
291097 -1 -1
719860 -1 -1
707070 -1 -1
621952 -1 -1
330252 5522 -1
699427 -1 -1
853218 -1 -1
824502 -1 -1
531166 -1 -1
610946 5332 -1
536067 5666 -1
902899 -1 -1
455608 5553 -1
954821 -1 -1
415528 -1 -1
553016 5384 -1
481900 -1 -1
16673 -1 -1
959828 -1 -1
108817 -1 -1
726588 -1 -1
460913 -1 -1
704996 -1 -1
90322 -1 -1
248683 -1 -1
532375 -1 -1
469137 -1 -1
745851 5404 5497
804978 5971 -1
755625 -1 -1
235211 5052 5467
560101 5671 5752
86365 -1 -1
463197 -1 -1
309476 5280 -1
838008 -1 -1
509463 5436 -1
467640 5192 -1
8604 5578 -1
53623 -1 -1
447034 -1 -1
827719 5186 -1
761095 5816 -1
813548 -1 -1
715355 5692 -1
406605 -1 -1
411937 -1 -1
249755 5586 -1
56841 5424 -1
962158 -1 -1
326197 5173 -1
56194 -1 -1
885254 -1 -1
276821 -1 -1
466390 -1 -1
56145 5407 -1
933476 -1 -1
95011 -1 -1
765057 -1 -1
140766 -1 -1
528634 5112 -1
197971 -1 -1
393341 -1 -1
10059 5178 -1
569615 -1 -1
296992 -1 -1
794561 -1 -1
777583 -1 -1
746092 5741 -1
568447 -1 -1
235242 -1 -1
76845 -1 -1
132254 -1 -1
589909 -1 -1
352403 -1 -1
728072 -1 -1
68538 -1 -1
857360 -1 -1
894749 -1 -1
276448 -1 -1
461974 -1 -1
854504 -1 -1
937538 5373 -1
919203 -1 -1
361574 -1 -1
525246 5827 -1
751835 5954 -1
839006 -1 -1
493719 -1 -1
666842 5086 -1
768269 -1 -1
732174 -1 -1
917505 5452 -1
193842 -1 -1
943579 -1 -1
392784 -1 -1
958522 5957 -1
768093 5608 -1
101446 -1 -1
279138 -1 -1
541161 5960 -1
899239 -1 -1
804944 -1 -1
60922 5374 -1
655843 5433 -1
899967 5402 -1
344547 -1 -1
157527 -1 -1
706500 5905 -1
717060 -1 -1
454168 5494 -1
788312 -1 -1
597693 -1 -1
367036 5594 -1
811669 -1 -1
428984 5952 -1
118622 -1 -1
139749 5588 -1
502309 -1 -1
625973 -1 -1
48934 5891 -1
928958 -1 -1
842460 5405 -1
839306 -1 -1
969664 -1 -1
350246 -1 -1
171742 -1 -1
828165 -1 -1
512752 -1 -1
421819 -1 -1
523858 -1 -1
572225 5330 -1
451683 -1 -1
239223 -1 -1
59019 -1 -1
139105 -1 -1
981649 -1 -1
283824 -1 -1
290765 -1 -1
165356 -1 -1
198185 -1 -1
552916 5541 -1
659090 5878 -1
56695 -1 -1
183951 -1 -1
430229 -1 -1
120797 -1 -1
68297 -1 -1
942775 5081 5345
492798 5919 -1
320398 5904 -1
707415 -1 -1
587740 -1 -1
228495 -1 -1
767453 -1 -1
971413 -1 -1
940333 -1 -1
335384 -1 -1
267153 5734 -1
704720 -1 -1
692086 -1 -1
760243 5947 -1
641902 -1 -1
666134 -1 -1
347182 -1 -1
933819 -1 -1
109794 -1 -1
957732 -1 -1
291568 -1 -1
715400 -1 -1
350518 -1 -1
504880 -1 -1
280366 -1 -1
482659 -1 -1
693163 -1 -1
79512 -1 -1
792372 5188 -1
323552 5245 -1
369936 -1 -1
341684 -1 -1
746793 5852 -1
63983 -1 -1
56998 -1 -1
987927 -1 -1
384720 -1 -1
383266 5376 -1
334428 -1 -1
592036 -1 -1
61707 -1 -1
297914 -1 -1
241044 5949 -1
304970 -1 -1
498603 5635 -1
450293 -1 -1
211948 -1 -1
229167 -1 -1
976972 5236 -1
983965 -1 -1
837537 -1 -1
466302 -1 -1
615459 -1 -1
736254 -1 -1
929126 -1 -1
39681 -1 -1
839697 5482 -1
67272 -1 -1
866339 -1 -1
782858 -1 -1
78390 -1 -1
800195 -1 -1
325430 -1 -1
170444 -1 -1
165282 -1 -1
308157 -1 -1
26174 5200 5437
676268 -1 -1
260036 5847 -1
569508 -1 -1
575232 -1 -1
972334 -1 -1
607889 5569 -1
222573 5232 -1
146244 -1 -1
903420 -1 -1
937668 -1 -1
689010 5388 -1
226075 -1 -1
177983 5278 -1
132360 5630 -1
495920 -1 -1
207967 -1 -1
841389 -1 -1
55272 -1 -1
547022 -1 -1
103424 -1 -1
729825 -1 -1
797129 -1 -1
228658 -1 -1
886360 -1 -1
209982 -1 -1
188920 -1 -1
316437 -1 -1
479732 -1 -1
445563 5183 5618
187091 -1 -1
567015 5331 5711
805247 -1 -1
650985 -1 -1
356948 -1 -1
446701 -1 -1
371010 5652 -1
229254 -1 -1
184704 -1 -1
363347 -1 -1
497492 5667 -1
578992 -1 -1
669887 -1 -1
700616 -1 -1
678488 -1 -1
253865 -1 -1
682542 -1 -1
511562 -1 -1
462102 -1 -1
172160 -1 -1
807952 -1 -1
954839 -1 -1
795472 -1 -1
790918 5737 5879
33269 -1 -1
716492 -1 -1
757802 -1 -1
447077 -1 -1
135984 -1 -1
13300 -1 -1
630890 -1 -1
292620 -1 -1
28005 -1 -1
643690 -1 -1
628902 5309 -1
20003 5521 5575
811615 -1 -1
625316 -1 -1
632342 5484 -1
241956 5887 -1
891656 -1 -1
840266 -1 -1
182986 5233 -1
971309 -1 -1
382713 -1 -1
67935 -1 -1
276752 -1 -1
215585 -1 -1
34169 -1 -1
380047 -1 -1
376624 5425 5745
457134 5645 -1
42955 5337 -1
337317 -1 -1
783032 5296 -1
800971 -1 -1
76637 -1 -1
404681 -1 -1
53762 -1 -1
453382 -1 -1
640159 5786 -1
270344 -1 -1
727477 -1 -1
40892 -1 -1
765990 -1 -1
128119 -1 -1
344010 5364 -1
59186 -1 -1
87738 -1 -1
602047 -1 -1
482261 -1 -1
823240 -1 -1
856303 -1 -1
982887 -1 -1
455800 -1 -1
528606 -1 -1
767569 -1 -1
314310 -1 -1
944589 5346 -1
331090 -1 -1
497876 -1 -1
39520 -1 -1
948760 -1 -1
745947 -1 -1
891762 5449 -1
635533 -1 -1
65794 -1 -1
543558 -1 -1
220559 -1 -1
454264 -1 -1
879207 -1 -1
844370 -1 -1
225916 -1 -1
751776 -1 -1
49696 -1 -1
703987 5856 -1
495057 -1 -1
739407 -1 -1
545826 5401 -1
323886 -1 -1
3763 -1 -1
261926 -1 -1
39688 -1 -1
909932 -1 -1
592044 -1 -1
702000 -1 -1
563804 -1 -1
594813 -1 -1
820665 5777 -1
158897 -1 -1
683676 -1 -1
160115 -1 -1
951129 -1 -1
980239 -1 -1
300372 -1 -1
550573 -1 -1
977022 -1 -1
152406 -1 -1
202003 -1 -1
871819 -1 -1
353497 -1 -1
203608 -1 -1
706397 -1 -1
248798 -1 -1
242901 -1 -1
961354 -1 -1
412247 -1 -1
347686 -1 -1
784508 -1 -1
829435 -1 -1
826563 -1 -1
667783 -1 -1
219836 -1 -1
615637 -1 -1
236489 -1 -1
1221 -1 -1
272319 -1 -1
227723 5609 -1
634894 -1 -1
86262 5750 -1
255439 -1 -1
843994 5477 -1
914173 -1 -1
504680 -1 -1
238446 -1 -1
286531 -1 -1
697424 -1 -1
390870 -1 -1
258578 -1 -1
687211 -1 -1
396235 -1 -1
89031 -1 -1
708532 5563 -1
950425 5783 -1
643326 -1 -1
964411 -1 -1
594596 -1 -1
833201 5619 5871
250655 -1 -1
419855 -1 -1
107226 -1 -1
888873 -1 -1
984347 -1 -1
627513 -1 -1
128581 -1 -1
168113 -1 -1
264180 -1 -1
35816 -1 -1
481030 5854 -1
948184 -1 -1
561404 -1 -1
911372 -1 -1
420923 5536 -1
471839 -1 -1
996187 -1 -1
238794 5614 -1
649818 -1 -1
286764 -1 -1
140467 -1 -1
412122 6000 -1
212354 -1 -1
78932 -1 -1
411356 -1 -1
288877 -1 -1
376679 -1 -1
547260 -1 -1
259979 -1 -1
212823 -1 -1
281642 -1 -1
943347 -1 -1
16421 -1 -1
384077 -1 -1
175081 -1 -1
940998 -1 -1
352548 -1 -1
471553 -1 -1
258490 -1 -1
951711 -1 -1
181947 -1 -1
535494 -1 -1
833722 5488 -1
204540 -1 -1
751540 5498 -1
88893 -1 -1
311917 -1 -1
19376 -1 -1
661134 -1 -1
328797 -1 -1
497704 -1 -1
8170 -1 -1
60625 -1 -1
995201 -1 -1
355616 -1 -1
482396 -1 -1
703991 -1 -1
501997 -1 -1
762380 -1 -1
861065 5419 -1
846471 -1 -1
790069 -1 -1
576877 -1 -1
356664 -1 -1
969994 -1 -1
454020 -1 -1
885364 -1 -1
5215 -1 -1
685754 -1 -1
449519 -1 -1
443850 -1 -1
202907 -1 -1
236539 -1 -1
521557 -1 -1
775300 -1 -1
925296 -1 -1
206795 -1 -1
620226 -1 -1
54571 -1 -1
624592 -1 -1
462989 -1 -1
475127 -1 -1
743229 -1 -1
808739 -1 -1
971061 -1 -1
832925 -1 -1
501981 -1 -1
46293 -1 -1
802499 5531 5538
824717 -1 -1
529144 -1 -1
520335 -1 -1
938037 -1 -1
483284 -1 -1
2662 -1 -1
796806 -1 -1
538096 -1 -1
807804 -1 -1
38135 -1 -1
504069 -1 -1
574917 -1 -1
784973 -1 -1
32344 5756 -1
574000 -1 -1
976277 -1 -1
672073 -1 -1
202224 -1 -1
469947 -1 -1
653388 -1 -1
76506 -1 -1
787692 -1 -1
649692 -1 -1
214979 -1 -1
823141 -1 -1
253379 5703 -1
410137 -1 -1
695487 -1 -1
577342 -1 -1
451581 -1 -1
950649 -1 -1
517288 5959 -1
922559 -1 -1
437848 5846 -1
437146 -1 -1
781797 -1 -1
22915 5728 -1
51339 -1 -1
314128 -1 -1
443700 -1 -1
802991 5810 -1
190363 -1 -1
877496 5529 -1
286732 -1 -1
477923 -1 -1
673306 -1 -1
226064 -1 -1
787609 -1 -1
39230 -1 -1
279419 -1 -1
311411 5638 -1
127028 -1 -1
792124 -1 -1
482714 5665 -1
703974 5857 -1
155497 -1 -1
666720 -1 -1
782414 -1 -1
388113 5921 -1
624172 -1 -1
138681 -1 -1
244519 5805 -1
281583 -1 -1
872372 -1 -1
172035 -1 -1
476917 -1 -1
43692 -1 -1
428212 5713 -1
19836 -1 -1
47701 -1 -1
877767 -1 -1
776195 -1 -1
644052 -1 -1
874460 -1 -1
704895 -1 -1
660502 -1 -1
839259 -1 -1
512213 -1 -1
463298 -1 -1
519781 -1 -1
993445 5717 -1
684297 -1 -1
186313 -1 -1
346234 -1 -1
334734 -1 -1
271210 -1 -1
314765 -1 -1
306411 -1 -1
615601 5668 -1
316320 -1 -1
291434 -1 -1
597210 -1 -1
883636 -1 -1
858094 -1 -1
941868 -1 -1
135421 -1 -1
22510 -1 -1
192916 -1 -1
260924 -1 -1
417301 -1 -1
323519 -1 -1
587770 -1 -1
195774 -1 -1
824237 -1 -1
506231 -1 -1
409000 -1 -1
936350 -1 -1
424554 5712 -1
920296 -1 -1
604400 -1 -1
43111 -1 -1
291317 5558 -1
783766 -1 -1
48036 5710 -1
571587 -1 -1
964372 -1 -1
17817 5850 -1
346276 -1 -1
168863 -1 -1
864041 5772 -1
912731 -1 -1
216155 -1 -1
136548 -1 -1
610 -1 -1
864588 -1 -1
808435 -1 -1
292874 -1 -1
464496 -1 -1
149363 -1 -1
664500 -1 -1
327024 -1 -1
186801 -1 -1
433020 -1 -1
487432 5642 -1
257873 -1 -1
755993 -1 -1
784366 5579 -1
654669 -1 -1
485162 -1 -1
512351 -1 -1
361495 -1 -1
467292 -1 -1
909189 -1 -1
982594 -1 -1
202904 5636 -1
536630 -1 -1
34954 -1 -1
847278 -1 -1
585419 -1 -1
36512 -1 -1
191696 -1 -1
833103 5754 -1
724086 -1 -1
371993 -1 -1
261246 -1 -1
837433 -1 -1
378593 -1 -1
142721 -1 -1
395405 -1 -1
779680 -1 -1
960301 -1 -1
601715 -1 -1
994146 -1 -1
307657 -1 -1
372076 -1 -1
631969 -1 -1
56202 -1 -1
923330 -1 -1
50211 -1 -1
560498 -1 -1
740899 5863 -1
712830 -1 -1
892764 -1 -1
594655 -1 -1
708565 -1 -1
982749 -1 -1
851145 -1 -1
677395 -1 -1
922756 -1 -1
852770 -1 -1
904277 -1 -1
727979 -1 -1
387558 -1 -1
3209 -1 -1
349526 -1 -1
398386 -1 -1
870414 5663 -1
898311 -1 -1
852091 -1 -1
138040 -1 -1
308747 -1 -1
628214 -1 -1
730415 -1 -1
772838 -1 -1
683111 -1 -1
790259 -1 -1
948649 5755 -1
744178 -1 -1
472727 -1 -1
598725 -1 -1
281204 -1 -1
672475 5860 -1
223750 -1 -1
763748 -1 -1
695003 -1 -1
351481 -1 -1
827574 -1 -1
251332 -1 -1
314349 5706 -1
45266 -1 -1
325248 -1 -1
923630 -1 -1
387375 -1 -1
652700 -1 -1
525820 -1 -1
390717 -1 -1
819750 5821 -1
207427 -1 -1
731657 -1 -1
328432 -1 -1
721339 -1 -1
322772 -1 -1
25535 -1 -1
994079 -1 -1
212129 -1 -1
361874 -1 -1
511242 -1 -1
454556 -1 -1
323566 -1 -1
1661 -1 -1
536048 5679 -1
647600 -1 -1
52129 -1 -1
540942 -1 -1
749300 -1 -1
143952 5769 -1
633133 -1 -1
952121 -1 -1
522165 -1 -1
274256 -1 -1
99884 -1 -1
311329 -1 -1
216182 -1 -1
280870 -1 -1
738853 -1 -1
318593 -1 -1
677134 -1 -1
154611 -1 -1
910785 -1 -1
421359 -1 -1
182934 -1 -1
293986 -1 -1
445846 -1 -1
270893 -1 -1
996312 -1 -1
510085 -1 -1
236791 -1 -1
682343 -1 -1
417569 -1 -1
658246 -1 -1
723009 -1 -1
637112 -1 -1
546400 -1 -1
781482 -1 -1
770868 -1 -1
540132 -1 -1
429121 -1 -1
354279 5726 -1
99020 -1 -1
998813 -1 -1
562512 -1 -1
162876 -1 -1
629318 -1 -1
73678 -1 -1
361857 -1 -1
348014 -1 -1
940701 -1 -1
148474 -1 -1
48026 -1 -1
346170 -1 -1
539682 -1 -1
712240 -1 -1
427998 -1 -1
164389 -1 -1
334661 -1 -1
934070 -1 -1
9113 -1 -1
367770 -1 -1
237059 -1 -1
235302 -1 -1
96404 -1 -1
633574 -1 -1
885368 -1 -1
327483 -1 -1
231993 5872 -1
981177 5883 -1
523905 -1 -1
312440 5903 -1
916037 -1 -1
482394 -1 -1
43316 5979 -1
175805 -1 -1
310126 -1 -1
144543 -1 -1
794698 -1 -1
67495 -1 -1
477402 -1 -1
5806 -1 -1
242014 -1 -1
375146 -1 -1
632117 -1 -1
266956 -1 -1
675161 -1 -1
610400 -1 -1
855248 -1 -1
873528 -1 -1
554894 -1 -1
339640 -1 -1
488999 -1 -1
311457 -1 -1
290054 -1 -1
448981 5853 -1
61999 -1 -1
26492 -1 -1
123198 -1 -1
498248 -1 -1
427162 -1 -1
773500 -1 -1
389814 -1 -1
85486 -1 -1
580936 -1 -1
398963 -1 -1
161169 -1 -1
687063 -1 -1
788898 -1 -1
974664 -1 -1
749299 -1 -1
75234 -1 -1
436304 -1 -1
728151 -1 -1
32296 -1 -1
808245 -1 -1
584848 -1 -1
329487 -1 -1
145157 -1 -1
618819 5955 -1
174400 -1 -1
870643 -1 -1
879598 5975 -1
204060 -1 -1
448587 -1 -1
353101 -1 -1
227509 -1 -1
159682 -1 -1
237921 -1 -1
123449 -1 -1
532040 -1 -1
244720 -1 -1
349463 -1 -1
57251 -1 -1
845012 -1 -1
348171 -1 -1
919503 -1 -1
282836 -1 -1
815856 -1 -1
482465 -1 -1
787691 5956 -1
886226 -1 -1
247786 -1 -1
125765 -1 -1
304917 -1 -1
362951 -1 -1
415362 -1 -1
952879 -1 -1
468511 -1 -1
36161 -1 -1
438912 -1 -1
652028 -1 -1
734837 -1 -1
240473 -1 -1
850735 -1 -1
940700 -1 -1
237260 -1 -1
538083 -1 -1
660141 -1 -1
390271 -1 -1
804202 -1 -1
608584 -1 -1
346935 -1 -1
64155 -1 -1
140184 -1 -1
265986 -1 -1
283435 -1 -1
85906 -1 -1
651127 -1 -1
179932 -1 -1
19168 -1 -1
598647 -1 -1
334137 -1 -1
936479 -1 -1
955539 -1 -1
676039 -1 -1
834676 -1 -1
356342 -1 -1
584305 -1 -1
383279 -1 -1
506291 -1 -1
638471 -1 -1
41290 -1 -1
756902 -1 -1
392724 -1 -1
81567 -1 -1
32226 -1 -1
898584 -1 -1
967526 -1 -1
884984 -1 -1
328536 -1 -1
586928 -1 -1
866624 -1 -1
834760 -1 -1
143178 -1 -1
66347 -1 -1
168464 -1 -1
292047 -1 -1
135052 -1 -1
895754 -1 -1
205830 5992 -1
261620 -1 -1
241099 -1 -1
607232 -1 -1
531355 -1 -1
230037 -1 -1
368446 -1 -1
650385 -1 -1
605530 -1 -1
214847 -1 -1
269157 -1 -1
391518 -1 -1
352011 -1 -1
216377 -1 -1
177483 -1 -1
238660 -1 -1
747027 -1 -1
567942 -1 -1
330593 -1 -1
954134 -1 -1
765482 -1 -1
894733 -1 -1
869456 -1 -1
800193 -1 -1
219176 -1 -1
147835 -1 -1
461414 -1 -1
435115 -1 -1
114472 -1 -1
952639 -1 -1
998527 -1 -1
908385 -1 -1
270990 -1 -1
561362 -1 -1
17349 -1 -1
883534 -1 -1
121073 5932 -1
631496 -1 -1
732322 -1 -1
845075 -1 -1
755964 -1 -1
751229 -1 -1
559824 -1 -1
862121 -1 -1
244799 -1 -1
7206 -1 -1
707258 -1 -1
795938 -1 -1
526302 -1 -1
488172 -1 -1
929355 -1 -1
462761 -1 -1
415284 -1 -1
929461 -1 -1
576554 -1 -1
711782 -1 -1
652338 -1 -1
642883 -1 -1
176214 -1 -1
720719 -1 -1
342893 -1 -1
945618 -1 -1
683073 -1 -1
141050 -1 -1
322289 -1 -1
732262 -1 -1
395905 -1 -1
25578 -1 -1
791509 -1 -1
670542 -1 -1
85891 -1 -1
511352 -1 -1
699334 -1 -1
241855 5927 5931
160984 -1 -1
240799 -1 -1
951826 -1 -1
781457 -1 -1
226341 -1 -1
145775 -1 -1
89388 -1 -1
354372 -1 -1
97999 -1 -1
491844 -1 -1
846935 5974 -1
222974 -1 -1
738432 -1 -1
52521 -1 -1
187796 -1 -1
672125 -1 -1
46339 -1 -1
540104 -1 -1
877425 5953 -1
329572 -1 -1
144383 -1 -1
323568 -1 -1
396507 -1 -1
85194 -1 -1
504373 -1 -1
607777 -1 -1
476055 -1 -1
867973 -1 -1
503690 -1 -1
153834 -1 -1
259645 -1 -1
945612 -1 -1
131338 -1 -1
693957 -1 -1
814615 -1 -1
897169 -1 -1
129458 -1 -1
42954 5985 -1
652706 -1 -1
169072 -1 -1
197460 -1 -1
329408 -1 -1
244708 -1 -1
743351 -1 -1
115469 -1 -1
774201 -1 -1
852387 -1 -1
290442 -1 -1
641111 -1 -1
124073 -1 -1
662106 -1 -1
652723 -1 -1
702403 -1 -1
815837 -1 -1
24783 -1 -1
787167 -1 -1
918386 -1 -1
3938 -1 -1
170011 -1 -1
442128 -1 -1
166481 -1 -1
224111 -1 -1
110979 -1 -1
338690 -1 -1
545709 -1 -1
97550 -1 -1
603693 -1 -1
179134 -1 -1
874041 -1 -1
134537 -1 -1
516099 -1 -1
287701 -1 -1
889406 -1 -1
532125 -1 -1
417918 -1 -1
768894 -1 -1
761275 -1 -1
376636 -1 -1
431822 -1 -1
907365 -1 -1
