4000
-437506597 -5005312
-71333474 10470774
-683911311 -4282311
104174436 -9988656
-736014565 825170534
47856662 -78180121
127528907 659590370
-378511200 -427155200
331409562 -20333790
-196531967 -666381120
-53808916 238169832
-69043073 -151094682
-56739045 178973292
574157027 272805902
608428001 -34814462
573018599 -973467410
120353480 559452920
-852632455 -640730787
423592078 -266714812
-353180195 -495782761
-156181762 223372358
-956431649 -844829986
761194761 796797324
334470416 -898624449
719137300 -532305180
-895041874 804452173
477739404 -364204286
-131386995 712977660
903380550 882570468
565710852 -20667570
190394394 1125209
544127174 286704612
905128750 -21660283
132932124 -91517472
356199931 -607171874
-327279421 78281750
-602386100 897577790
-230586476 -27784024
121644463 -610671119
-155706010 247106380
530056703 -975646047
91050810 -294109692
-666578037 580184313
980254470 822856939
-765703003 686804713
140221600 -444114400
-136111245 368650305
-787787196 192187947
112453368 52929840
-746925285 -566498363
609535850 -302560610
540885160 -204972424
95805060 314782252
273664898 -944380423
-472909642 -735494033
-973925621 -571546414
634544748 -241568709
-105481741 272068860
67088365 873838088
-37124640 -72336000
84215019 816965659
211212360 -405617130
700000801 -206441044
322798424 -412450064
-348221534 191250643
433146424 381620878
-843180817 494946035
766368126 138182070
1625057 550704
-398612109 215259979
6786564 182743170
682946767 844530846
295515160 -614417419
366435398 377510556
823225950 -395117491
-36422700 -900926134
-970075881 -504327764
-782467712 537952090
-62270560 -83630624
437704737 -942852693
-476748800 -430006400
799143509 -313358463
-394692612 -104803915
-561103752 -577714110
-134414760 -309260340
-7597775 120492266
-250747768 -373351256
547796236 412238600
-60092564 -340952564
-695090367 932529540
749686569 -120002308
71704565 -216200862
22581346 -332401603
-318457602 962555227
997987357 781460207
-536535338 -638400532
159637296 201608708
557340528 758295594
-843994679 -177442233
214132014 -356844376
905752541 157024743
-372861089 368472031
-150785723 100316524
976977261 433233483
58968340 56684270
642379646 220316855
-60578504 -539739188
-531393675 -493826706
183336297 280721781
-4094640 -4223296
-80683942 480574383
-236185330 -942089281
-793966606 -738331658
16524465 -242284875
103812354 960562234
974171460 -505815682
-6460809 -965574836
-441598832 401364189
73615748 -225087373
121967538 -385412874
-213575913 -334906672
63028153 -234021552
-6742096 -787433285
-591301907 732061776
980205121 418437151
-341578966 956410258
209949709 723314722
951695553 580893658
-508452224 -153441136
931034130 625622840
882460092 639151466
-495953676 927962892
100445530 -780562160
45585293 415327084
885639903 -70347948
-1795190 4379835
-428085123 451866944
152149610 642520380
224036687 57458385
766476577 70741013
375606769 19953558
828879973 -187176853
866673101 -821635929
283191596 -403585599
858010068 -696925619
-203277588 198529221
-61825083 -3607233
851723865 302362094
-68707980 -109266080
978079993 -251718651
630572695 -861776981
-433975959 -759392272
159753733 109228167
-797674367 289052226
-294667560 -395816677
37175211 249339819
-133407360 96971427
552657290 -7336789
-496500488 898887584
-296750511 -632081474
380037144 -115897700
460221220 -394070968
634560441 -240916372
294664403 -971148431
-927244493 -959192672
-354938369 -122405470
167535284 -72572178
-255759425 -845729318
-8636565 135881778
88644030 399263781
-169549721 -135199060
-767936568 898468648
-155441304 -46922119
-573762880 -330147520
30280060 56430476
-960350662 112826703
-720045457 -88489241
-422704923 844959345
-221168306 353144562
-196828057 992687167
-221246724 167546292
-36760296 268028776
-642089121 -961908257
-23321620 942930144
268148039 783155822
-495841463 -728613509
362997176 -457432430
542858590 7779351
70120716 -238053261
-177957980 50357950
432404378 -803223387
-24395679 93003177
-679652287 -290596451
-45463320 -52369695
163563138 83088965
183266805 271470919
295244990 -987341064
-368190360 -537064640
991210125 -368486532
-801043133 190596961
16787397 -10007778
863076730 586210392
705990602 -49538692
693133789 338203008
930412263 -497872172
-350135388 -458786997
650905310 30811769
225894909 72194857
524265288 466382521
-33261872 -10374112
922585088 -679331500
801325614 310492018
-933761739 -196584562
-54814200 63123192
-99480264 237130296
-367358319 957490119
9131860 -175447685
143310089 125787426
602364435 -714273452
814697361 -696690692
617147135 758023744
-50555607 352032941
308226838 147663397
776903395 -808842308
-702034475 -656307377
63804260 100792731
845711503 881097764
-572557820 198527169
-456798004 -191906860
560069158 -85777442
502344633 138424210
983351857 430696186
-111003123 -102399759
-246650448 -432476352
352975577 -17665009
781868937 -126305208
-709291512 -940723243
38054736 -28811952
-423036326 -891013991
75919272 -25485328
451785158 -277335686
-251114482 787178276
706945434 370880796
-703257787 437761596
895218833 -976617191
-286036598 113978812
963988108 -614347164
3135732 -38741925
-619761555 -588670320
-54254205 -295174180
656970449 678469706
-111508593 -975124289
-752552729 -298887326
622407233 -569821334
-232098649 -517015187
-97600387 -2173795
-408125685 -928481066
128131318 883333283
-161173956 -969284427
-140865019 -448726650
900133446 -834820649
-520038540 677371469
-795337804 -938578674
-171420099 119795696
-318676043 -692276289
-548760539 505973981
296466008 447588650
-491161360 857585251
406586352 -83903163
-730838988 213355306
-35120652 -33997572
813504035 721655253
-6544510 1414896
-51657743 -119735305
-28727005 649475171
139954748 898397224
312698785 555547649
-702443996 -985573099
164102600 -374110504
-173952630 533199684
-281822832 -170322654
40419576 -893164507
-872273661 610238433
-95584746 -45619362
-696502299 318742880
296935853 790745720
-761445087 945368820
-301570496 -285957657
-569534300 75258600
256789386 433735796
674945341 952649643
-419586480 -597197627
-393355298 -481581645
408207246 -794388283
-105705162 322937938
-864642775 877738369
103192095 -964978949
-626260485 603182517
-400682487 -306268904
-638360046 476142926
106339780 -42738408
359413267 260739368
453052580 948018590
-792601193 -14479744
-789144033 527063781
101469739 708053349
-995928334 -438777204
555078851 499752526
290485254 962505395
270359855 -798248734
18841524 -690621852
-167388447 -452920954
-594298979 -514257720
-756425314 -991755384
995330740 450120440
31604496 -82125232
9954975 -72471957
-223262343 66315236
908549166 111389704
738111700 -796282560
-305084704 -21923635
-176676339 153141478
272633832 -527078075
-354428402 -275554763
19982435 384529763
392083442 568838250
662833533 -268163252
-718300945 -483724558
286331976 493289403
-336626518 -602019968
-572941859 -108308951
-63668470 -483706521
730892804 927628482
99236066 -522289550
-790776543 -257904176
-755006601 722301980
448477701 -179345871
-29003100 1133510
-257823150 -274115598
-38965693 751239042
-732681784 94838730
26979982 -536734
443665724 -76583160
397802710 -360787335
-424067397 741238004
-191397367 957659563
-373925095 602211111
225133403 210404360
-639848637 -397157367
610046629 867213832
583105756 -691264743
-530921880 374285256
-18364721 988988660
408149600 200675225
-272854756 478053552
-171533961 -216735831
29237230 587514529
-919809027 -963497358
-1102830 -417916981
210554630 -154812658
-609616207 504255041
626789551 -3325004
-60150832 -112024192
28094256 773462500
-31149230 868308166
-157735025 402095148
326061291 633633975
42664351 -150528014
273447832 242198104
858621154 992600883
-201515259 580529499
-461064519 -720342657
-22099406 39389394
-534443393 532744596
-599728698 733191351
687297090 616300035
-226226582 558041098
-268671960 -268944928
622607655 4760871
-923987340 -114222350
111030972 -55064512
-321562589 -738499464
-414653814 -802077945
-233009710 -93774580
73764084 -467562394
-788737578 -15409123
-214436016 -101753434
-955166390 -634342661
-37913856 -4381392
-584069146 217526378
354572816 402551916
18278220 611112300
-217059114 -548976624
-277671612 -747308497
915052636 -246462859
-187704560 -5790020
-41104586 -143448804
-620883957 39152468
775439785 939630456
-653113160 -114827124
-176949285 -236686019
395850600 998940440
-248392932 443296104
674739474 388103610
-288020255 -202426644
-839985695 -882734618
-452583540 460787130
-300441015 -29895588
555789942 295206876
786796538 384170698
739008315 590442001
-968530520 -114393694
248549952 359588460
-772487889 892011298
586055353 -938509898
-490564817 997644499
16868384 -208739200
-733621476 -943581162
-722655286 -936322188
-301976806 -505084976
-23295117 140052162
749187699 -204828059
361105503 -720815988
-242125002 107261259
959114992 -150046827
188061724 100423764
152167411 -836627171
-542243178 -55241557
383107590 364601065
426311033 949720128
-486216711 637471221
-334586452 568516663
316278030 -113983920
-218197657 -68126510
-192393117 740267039
-735485886 334023900
-14162060 -12345212
-128828475 -104109300
-109874451 267370074
618065768 655496568
685909939 797609107
-244032022 536411350
149543942 898722153
737661415 245935109
726091624 -548348557
735171078 328239289
487592560 646682400
-90956019 -733857400
-951743113 64648775
852181485 -110081485
575057116 139119608
-426585113 751605734
371983470 183403345
-29065512 -22663914
8509438 -3908086
39264320 -50220224
524652478 -915487062
-362402007 -57815400
666090615 -933697426
715728793 128540386
22241283 929103683
989627861 301653755
278762247 -549510792
-385830703 419082798
667651299 421506234
-107418029 613792921
2661543 -739133226
-788942247 171727752
-441537427 367491418
-220759756 487226304
-169758870 -241264745
-11575840 14616240
-631683660 -256982430
34351784 5294312
145092684 -608548815
449485389 -656921737
224295660 830500968
-842135696 -166861668
-685362436 -602808724
-740002952 -928384167
-816262610 932207031
538378195 -520068762
867867868 -644173165
-75678471 -275245243
-633522973 -984100304
440064691 -146644401
17716408 79849863
-161056824 190388296
414220388 163684617
-762391074 -44899862
930033697 -853464100
-697233208 635050281
517220236 -765967658
-416454061 -503021762
24335673 -37968900
-108508650 201946574
10464417 29195914
586554150 -400654620
344835276 -979282341
-540873005 929635184
-198049848 -461281072
-934137505 -311518351
-171083576 176413680
370198274 -303860178
678318779 650366050
763542930 704667247
130009242 -165381402
-341366400 -77060160
-37411792 17919000
863258926 -428609705
-928609949 222791661
-970020109 558206656
101839248 -658402416
564162048 -100920963
-566799941 -500535702
-526219352 746613343
426893084 -159480707
540359017 -662868037
-982156809 -360579026
231216861 342499696
755016390 -430657616
-859401900 -898621469
-23871519 -2093058
-617460015 -880506397
744761059 -166326185
975763684 -211305127
-619480733 9910088
509142863 536203052
468265479 -818734125
-582838815 -724601085
-59278800 14667000
915724129 -329292969
480523653 609218291
681399849 -845766166
-876717055 809727682
-317542505 -475424749
29137060 886332463
528603081 -905187013
-999016249 -898607580
-81641973 -50559474
-95980804 108079856
747007986 575873813
-28016648 -4994176
30649607 -480415258
551747724 -668085561
854023994 623721679
384320010 471688244
-863477861 882490093
-5017800 -9326450
896661543 613684765
97036710 13400902
993245894 734588887
-651805225 -731377575
52709580 -195826260
-231344100 -674075925
76392154 -176930036
406871446 968006631
661436271 -191929603
758707113 -373233230
-779315634 -959034352
236999500 141064318
319292881 -327240013
-477938928 972644232
-638904315 -508337656
-202181544 -500846112
-881682257 342811770
-890297444 472206090
693874482 -474331622
-138289040 -37594093
-622032842 699778258
808269203 -879636120
-944716658 937240789
190138930 -199572820
189789483 -557896138
827774416 685554905
87961785 -301213684
871814668 479866082
3841228 -262191820
189594167 -298573087
-522226898 104721387
658858654 -372723586
-7372724 283568172
-257288498 12789449
-263887220 16205260
813019239 -436887992
-86025091 281486171
92977481 -925571181
-895794265 -813391566
-126460770 138555030
46947927 -298186761
102307680 45571680
85256237 -426058997
-97059766 -345117500
-277657701 63788909
743947143 -23971733
-246882972 -956775670
823109082 -445243198
556995637 390237607
-425040166 280430262
358122856 -266759948
-809840222 -78471528
-627004850 -689420700
-826289880 575698784
-218511327 941406448
-263644892 544752600
585491780 -896245396
-92553472 -10311360
-639156783 -483295212
885620580 -207180893
283724342 123553714
-194697168 -10245704
488522418 -402499557
98257268 -287385110
684397215 516276180
920257061 -963201057
-287296515 -394203010
618614921 655341418
937358889 -335338229
133498947 594487483
-35822235 340410231
-605760313 -62626021
835661484 -320412802
776486886 -826053934
-267258443 -651925823
562201549 -2938977
-543553216 -329527734
-92872537 -999780733
-916021685 645235586
928178246 -741496097
102255085 -668421187
788162174 182679329
-720284376 -512881782
-11348840 -320850506
-498406052 -878783579
-295376400 422284050
-161261436 -379044148
740799159 111359006
698308968 832245572
991106304 -40729659
-413385649 935513013
832365021 -670940099
-49520023 395746820
-645435714 -491280320
850790235 351863068
149867020 87200365
-903382419 -93624713
200707884 74215532
677431052 -771644389
356357649 827649603
-781083955 -991247218
76543146 40079128
186280160 490276454
95146000 -80793079
509863005 -45814192
473451295 641062154
-489297788 542373860
214548934 67407624
-496473691 571119876
-773719077 -727358579
62988421 571320575
694092629 28284702
-145386575 791903488
350403103 -27763436
-285450236 149720140
79898208 -47476677
-732227040 356456520
63733155 -86662353
-332182714 552230787
-29453830 29652770
-435820734 393843873
-213870423 -401346453
-356880461 -539814246
83496786 500631828
-373064575 240005307
-245543106 400581063
273608266 751420393
-570442019 540144992
-167031059 759843253
-941217046 -2442372
214881300 209751200
-81629976 217446816
195914353 -829066206
218002894 -329475581
-942615718 889995365
539913271 412356587
18878320 15079800
502117710 -671649709
-933585322 -777518657
287531329 203457594
-772741573 -313847794
280090096 -500788552
254253541 -659810735
-389446704 -238296168
-927074362 368434821
756734149 335254702
-54174485 216508553
-188483078 176729083
229856327 -6504072
-321444585 -532897022
-692918696 -612428093
-270476680 -269311600
736268402 -374907217
-541320601 225654623
-72747642 -63278479
421516489 428532982
-776986027 608778079
769796459 511380398
486157360 -401994640
253450885 336039957
47101152 -78021228
-170378651 -309969936
806812645 225869251
-375402208 -135423344
-627977082 5695873
-380107233 -146428293
-670731450 -658389282
-602463702 124642332
432514330 264558760
-523509960 977518013
-154204834 82144454
-358127446 589444838
113242049 -861388104
-385799425 255265835
-77260687 41513402
-84232642 -137405788
2347210 4797770
75024144 -91471692
-328253872 -10450746
-45116808 81812874
-661468271 -889916353
717115950 221922812
397960956 -734385460
138282655 -224395041
-910407704 -123201954
-986933666 -48400372
173235840 -222350080
888639561 883542350
-546962850 894714904
-21567994 571973626
97890323 -335924496
-47102294 147777961
272569356 245172069
-608384545 -440464897
-245741302 934718980
-738356920 -256049234
-194208359 949261546
-29433497 29470014
-573444373 -105372681
589719621 346607004
-403434990 684265030
649858780 49898804
-393728014 619419036
-895988548 80186080
497279343 -582061591
-53303264 87017232
-242300758 902245851
-984696072 -989493846
968365194 -208877344
-4743887 -719558740
-87794316 154391026
-553882054 -759606395
-847111381 341625025
156202545 -10856880
-479372213 -983547842
24993108 16126883
-85060092 144817452
-283246740 654522605
261777105 276996671
510953528 684154958
-604360492 380905452
-319436880 192792180
684227557 -631974928
574391306 -843252082
-979988610 -864422937
191115936 189817056
-102831889 -933110549
905840815 239306580
573888369 436779107
-977178851 -148448190
615154671 -870433357
-41648007 -147816000
10425072 -5161246
582465300 39362880
246437412 -798812912
276320845 744032850
-930961221 -281912653
41928654 -302232180
-155286012 929546438
-45073455 -83693715
560126756 -26317031
-843884161 -602695254
172640950 541635468
919181411 870189778
396441499 -867725742
385880280 195587448
147203062 679142011
357417260 -123335090
-728351050 505110153
848541080 195357005
284087615 834788548
-592667194 -44931878
615619532 -464062581
-873343492 -254227341
-103475930 -550560177
33127976 -2904944
-903744048 886795451
226395852 -871894094
169311870 228112794
-945710366 -639056157
213371155 231056973
947891906 -128667401
-858031896 342372495
3643296 -264653565
192511449 -466466910
-346365125 826722959
-374235950 359044298
-538843490 -565314158
-585591534 -400815026
455158560 60576960
802091975 237404298
-312522064 894968471
299345783 754813268
86952938 -526042696
45580055 -114911872
41672112 406185135
32674024 -62207624
-572502405 -976954382
-731639021 734192924
713481456 -139290486
420555044 285380836
477058291 556759273
-640939339 915397871
-630414483 766654896
483480427 -628222766
-507863692 80594808
-292733495 241285877
-595828961 -589519342
-931078137 -477805835
-558015763 779249524
447677985 -642723864
90000064 -303329488
61642587 3808045
12909516 315910595
109992428 -335354656
315532052 359964976
-66907577 -267150127
772789983 168180343
135134526 -253508515
-223509248 -31497984
-978218011 -971706281
-699022096 263988167
-233107496 345556863
467876298 36903495
595946393 209568279
888267702 926169917
-853619754 285961102
-274769212 -218236569
-984924473 -289330414
746403870 931622341
140821294 981362905
-534758260 637647689
826323650 560055743
787424996 237754340
-585157491 962033215
-303123849 756178245
432854060 -413826852
-313988110 -293724238
562965835 -74448068
367958246 -535483335
346990325 -735549552
-288193712 -609462812
102569397 20146644
-953999921 -924887142
615833938 663285658
-712905637 -105264431
914739775 429719819
970509843 99996471
-7517480 544580
-155879285 -326475795
522178918 -942342302
-762559873 -146185673
-290455578 126580104
-292386483 -315710280
156214635 -454199993
-584281753 -216261399
22686499 -19305022
-758653162 -559768672
-650248108 595866246
-48935990 -427135007
-36656731 -137056626
-161939762 343020294
827069745 782380333
-111642552 204003192
479856034 -282614668
308902605 763549671
-245624337 -394502217
26173420 307643170
84627020 -660670944
192348200 -8229700
-157467240 -105055020
660585231 177978426
-506182524 685373029
-818554099 -163456890
906494273 187430662
-978213144 197545830
619991554 209740001
817621244 478882282
-652669628 854589380
-701389159 -234715319
-467467062 -307947555
-43337406 -200561439
-362095989 -256025743
-1834766 -607372724
11400041 550904889
218750854 -287467829
223921023 -518580940
-369482179 -936018714
-322950477 326007207
504013963 936485123
386150520 -144690840
-347601149 -808285959
-669608457 -505452644
787344650 410250248
952914665 -920383983
952827674 611230454
745009694 238856706
-22816304 398689016
-56820338 266649490
-210976 25456768
23006049 -235827372
526604752 -959039506
793768043 -464654246
-68713530 408426710
-345172212 -294795774
602697984 308568414
-107270507 -983095747
-342739629 -480079138
-624798221 489859209
-721825999 -595855234
-883008487 654080506
-336837950 242185482
-310246707 -483091790
53255512 -767439578
579198634 -983604421
891758840 -20214526
-793699256 -206981996
29714966 -141207492
-422405046 163480332
544505028 -544900077
-382560588 84767892
-9602568 79244235
483932591 881682886
-327820150 727879162
-969236781 -485227849
303248258 -762492358
-380697275 708636467
746784137 808499374
46458508 717306063
124547881 -553756111
-948205576 945949276
-120755268 -703383091
-48844620 157278660
102202191 100237410
716405125 978107087
-139340190 -844524771
-194905430 -504218667
839466694 48735298
-924924104 -747045284
343975172 -740527687
-397032182 580099406
170032433 -4488856
433420988 -350823939
57075595 152595689
-718535768 -786705013
-910338850 -456374078
508099164 -308970333
-629802668 -424692267
-93691316 101253242
4868136 5264142
42887376 100749024
-541916616 -247496132
795232267 234942571
20108280 24582080
-959295741 -162348214
-47320308 53156796
-45880832 319576218
-659102956 -564565043
304690661 -31134323
137393875 -479131754
-779924787 -489104476
-654176581 -822853963
287495383 -212425988
-303704209 747863296
393028170 -548671830
118233453 -746185848
-412430561 -733968091
94826286 -137826206
-765959022 47857668
-924640263 322676241
189646072 352489928
-123271965 -728538144
399403084 916883301
486475940 928640122
179539472 -669010018
-72347664 248251192
-908998122 -812140614
-382735790 439704195
573804953 617243360
838352393 -501609415
64537704 -447672456
-436219197 810543614
-861551255 642312115
50386765 29423160
68482422 -452328668
-722793678 -866425048
363175538 301036494
-475606418 -518146020
231958310 96337002
-397786061 212525911
964433562 -766663251
24748464 31653648
-141758170 797032844
-29344523 699657601
-135450469 -255662135
394674959 -6933914
-53181859 -559559515
-43421116 770315405
830456038 -409588493
714573060 706730393
-290064132 -104799960
635723823 -253083134
279756888 -216568220
-445512593 859625654
512946350 565897772
108784331 -853864423
188197518 136106793
-891723807 14213224
-206517054 -54307416
-8213668 -942278185
74329766 297804822
617382897 -259685574
-52145269 -4936844
551124766 480961464
330033835 -856810659
800073749 659805439
858807420 592614708
689105229 417626390
-68178240 380705040
160141456 -341056804
344224606 -66616460
88558592 702258508
469665405 571657824
-78142814 752724004
344975499 113643834
980527056 -944506228
258843867 799933316
82785654 414949353
-623076685 -240462400
-216989492 -909669120
769887453 -806094621
-307394644 808701845
-751184506 -141882664
255221320 52555985
-23235654 -902462598
-506792107 636825733
-532776350 891684001
192178083 982963456
-783840067 924295891
950935681 -880153107
418073730 -257967642
-189190104 -754090430
-190778655 -874921183
141940454 662995188
-318871696 -456879852
610651696 -72097379
-755702033 578813574
998367995 -939286656
563113059 -652032790
501066918 -308942964
531720995 -580715428
409738190 117420977
-894219200 -941057593
-101923299 691152701
44330521 -675698154
-104666433 -190265459
370808126 -485786870
699682096 9615750
608846317 784945257
596391842 843373938
181415364 -212051047
932039226 998042427
-202861461 38449103
-62944465 -424957668
34390224 115251488
825753048 -879035483
-551003098 506197200
-139002334 871010431
-997449226 -269343892
974628808 495733867
649042660 -372447215
776722816 535222094
931774339 -980097513
-843854546 -544117379
-887085443 -156801328
284098717 6960611
-312288407 894688362
122118010 548873519
196015170 -655046410
100549350 -573644610
912986995 -627096576
-990514884 -199750361
-999876416 511505007
627641877 -47470647
-626866284 686813314
-164072490 56179635
908804423 -639035183
436884447 -934564321
363219360 -576825060
390626559 -17877242
223789848 248918436
-271436161 182588049
670598338 497192598
-649807032 619504137
-525177172 577859779
-188878734 -73549608
-285428845 -652975301
-103257308 832292340
826184564 -871828954
867256925 -573435586
-447748703 304802575
967625495 260805396
158189656 248633332
-54729344 -51662016
-624392342 -159336889
94262263 801795494
-122846400 617780250
-972964984 -551630515
740784098 -741620821
883749198 -446991461
453827126 -666315737
-161646752 884899728
-197703790 193410945
451962784 331367088
-430653342 162386152
515411633 789515693
732994316 6332345
514001886 850061273
-225630422 -89359892
352841760 -316869480
265928183 113228347
-758928227 335216747
-856247137 970106102
-443927002 3749827
-92175871 -93387348
-447300156 -660670184
-650366035 -549935683
-424090513 -836369250
-882284172 -895480438
682702046 738097051
-188445856 742720937
352237270 409753003
23380241 -284525449
-646735634 -685767314
-56749494 190364034
-398600165 -295671271
371973879 980589507
624918441 91870317
-355468288 398150585
692377447 280074166
-372942228 865611127
-555473109 -279598815
372780882 -825820075
-6740892 -6568200
-765350713 -858050099
101188346 434164059
527323627 -914219037
473890827 396152615
293571279 -966255198
45187464 202450831
-976877260 -576748836
284193266 -165732363
-983337587 126566263
-581330979 -810447086
632242368 -152309627
722261140 -497370830
-459977195 -256267879
391877455 515280742
-332987670 212957733
884681859 575561721
-715605074 134326186
321682897 275019829
220208373 -819229801
-681095389 593147446
382667039 -918385781
-652769260 -236637830
-674169480 -68204268
984659735 252372703
89537827 199860823
296680356 325201131
-6812357 898602349
430735021 -797323632
409800324 -488388784
-512177177 506261991
-125684928 55194624
-179650056 -124665152
-758764921 180278180
-434602428 448494696
721256430 -791168232
-422428102 520570928
54556470 -711955199
107154220 -241213730
798980068 -260267236
-275442806 147922994
-618885058 -512896520
153045767 857458811
939491570 981681826
-328423256 54023419
381568355 -382706835
100379167 77332096
172659802 -161337498
635979521 902693786
517952958 -144230544
-951929591 955580519
-223376838 413646606
881334501 469627294
328647912 -356422880
-974127460 239289249
172656316 -633113236
954828192 -191363009
-261344932 -295899940
-189586696 238742817
340640369 -169783253
943317752 -875854583
104993292 274373640
-576187783 240650459
-193798654 122125982
-599040819 -301273587
350008853 331385755
454803805 -636516529
-184380845 -714793779
122166080 125086880
-488976826 -40809392
711118418 806578920
577409067 251063019
218110647 367714635
-122725723 -649297596
-784240513 -19831462
351485206 -301668057
827348052 -549266493
2677753 -780432214
-442141461 878680497
704852548 -514492408
121787423 540034487
-57423348 -69523552
578618898 -691421071
-818819252 -848317972
386823606 -668324620
9089003 -439628486
-752373178 185321604
-734507890 -215116893
-85193500 -94293500
-93173576 643820485
-887246880 407584822
-93022830 53172288
-243780545 -714216498
527315427 544076811
885978662 -127774825
26089904 329697434
-760966050 405010658
45395884 99361348
-217445702 526466658
763570817 284274378
-949444009 191889611
-654256242 179090607
755996666 -618690869
283005830 -141320614
-275494450 577834950
251133943 620954311
-70173619 -132525683
-339397400 161736390
-769316220 248598510
-54756500 37341100
935964105 -306061756
815686398 -754032896
-225591299 -682116803
333421878 -375790440
-103843021 391462008
818084673 -524500240
-246084957 328340115
52237874 23636508
58219205 -197486960
179536048 -48240707
998056312 -934190717
405767414 506900524
134036425 51330211
161980176 -472718028
63956124 -377965047
555871052 -443205880
253637131 -280620855
843721017 -261896956
651448201 525092995
-796946278 884547990
-792200129 56258189
-307250928 -227178548
636762422 888529647
322512037 656598197
-454479168 -165311718
351862308 284522205
-660685892 56333071
-97725696 97871330
368880501 -621989983
91195299 682243612
22858338 -374024707
-788569259 -991098781
-587843739 802961062
-927518243 -604263477
-274753971 265124347
-274481182 -644848541
-326049630 -220853460
-50485033 -355372491
144928436 -437156142
-900608498 -295617191
-117582252 186701717
-114546102 -210208944
-264577844 264837858
915153214 -419844788
-208018693 883357441
-205040740 -294496864
624035531 831532510
159578186 139601980
788438511 624664511
-129250216 234129036
83642724 -145222035
322838287 936263254
695621636 437997996
-313892983 -583684188
-164870888 358352680
-663950853 -120669125
835329452 -56077700
764950314 -718974957
-19036940 -38328225
-233255295 577393110
-516319202 -325230568
350694341 -783302213
454796493 -108877660
386380478 -60013444
944674877 148521236
-632280698 -845187973
-153204207 762110183
-675846152 -900568095
476713740 -411429890
224604258 976786449
450277206 222004634
403132283 -604373810
-49687835 990879795
-746074708 477852629
-360885938 -94556238
-881971796 -684408408
-796819758 53467680
-455305561 -585092487
328310520 434687262
496710528 550750181
-639765625 -105018743
-441473452 125342126
120220464 12515880
-539413279 645687166
588013759 843130072
239209369 -388764856
656213314 266380954
-105288700 680313653
-414477610 744328180
-41571071 950733244
18360990 -122205906
14666574 -5910561
-434625774 -59596878
799785563 -384339675
48813261 85003632
-918899974 145528979
1043344 -25358615
575038121 163003167
-13885740 49978170
-268827450 227104540
988809924 505178603
-519577533 -983613363
-40071593 -583676442
479320192 833376133
-23076650 166939150
507707290 604396710
-1501296 -10614528
-22712843 908411485
-463597686 -442807973
-955074913 -877010642
-301755986 -510666478
633390949 593985622
-658884460 996098162
-419328612 997501529
-125585950 4955650
8775029 -539215706
998644398 -373264170
-654715568 301019555
109788503 80653034
-492583520 -156794352
195566562 347296781
-222925622 -784266860
-52673413 863026272
-853230360 403496310
-292010355 153502273
505210575 -475851615
-183923796 -126926810
-52091111 -548819284
972170602 -251618893
938033344 615703384
-138976305 -733425849
246562149 76369957
173523587 -59883808
-614307449 862845354
-49122346 -80169050
765931499 -490745215
630145405 966896869
529580707 929797402
1525800 -2844376
-712361288 -952591934
331318814 108460469
-147558834 126424476
60221284 -649979996
39033127 176102027
801190579 -974527848
349415797 -165923821
264084067 -119875719
-490991696 -684440383
304304998 459370152
69891696 103843152
-46021099 -449755850
745677788 -880806993
-720948234 -128467855
-337751746 943255121
194248134 -769088757
910187142 -193515775
-767995430 -177453534
148847244 5274836
634474638 -608649762
-713703720 -311959470
-708938991 319799431
585200910 -952520417
273562608 733836620
333016750 150961318
-112700259 47033271
75524900 -446932200
143141977 449715185
-12386935 194143901
8447124 190371280
-465572193 -301695755
-430260720 530409312
-417191883 490831739
760146136 144530583
-138853683 765359238
547305720 -550923525
-559881324 944277610
74236456 -603684058
-398237591 -601762932
113110470 50254484
512024378 -308464877
212025636 270919185
372102823 634493174
-180208649 -849521708
-378341305 -380159626
764564800 45718511
-301418599 -205970909
474945276 -177771613
-202020634 -997253795
-12833442 -246987738
-261488088 -615483360
454097187 65184821
22564685 705112620
-800284194 -434906124
-61022079 2654482
-932358220 -415747926
554103955 38362301
901774646 487247917
-459207625 -611346752
-179349231 228931434
818466526 226953268
-44900540 -473231170
-371907589 -61538844
-174253967 -8183368
-658552690 -693297929
68926883 609863617
125811772 -874782765
-550764369 -852860558
-341393665 -465291060
-407576445 -166260600
46120573 29258504
-787153228 554426278
-76506787 236780979
-908296194 -341707593
-883594705 999834981
-301766500 -429397500
-231644336 78340724
315096494 904897860
-410871953 -316435590
-588231613 711145432
-301790824 329509854
73769271 -656343412
954597908 -266779376
-191648176 -27119414
-403967295 -983607200
935336704 -61152715
761768027 593894866
-109135034 -874274608
253422091 -632119352
825285815 454288888
267163012 819974399
39818375 -1609125
-388776480 -454397410
743566916 471422034
-227714228 114889636
283957520 282257360
-692956353 378963270
-945296118 801153841
881533830 546614090
-995044823 -65260199
371998222 -689753887
-7743022 29426898
-859225 -20681250
57745223 235053239
576879252 640298398
-582770620 763329939
666576403 -431511754
-778064164 351306198
-281942286 -134607264
-720448106 180850161
746412131 -149602922
210121200 175800000
-622677289 -282776060
-59261622 -984822670
176574870 -29098782
-213034851 -686248487
535806443 670718803
101009469 520578178
-702731345 386546760
373268206 -969614033
-166129920 281689344
128131305 12849213
221914065 155793051
-20878704 106346772
869467121 153224591
615389955 -735840389
849590782 223446087
-790313266 -452173489
-447027403 -385129268
-518675380 431979536
-4144316 -29939800
-596370829 389555204
112571030 -114408008
-27605143 -162253213
120917484 992870171
-148941413 408781559
983735462 409050317
-451010178 164243502
-162649418 607366815
-458763208 -891819985
-35292979 978559989
691238387 567213996
297621014 -163256173
-36331776 -63811020
-282786294 -581729477
-845070941 360164667
-775678842 227371027
-466953540 -300797597
124818750 565146000
-57080851 711484711
-3943092 8146476
267039335 -480449732
-315610334 750351812
-416311358 3435437
-112416603 -54516020
711232037 -858979068
-987936863 -879157434
-33411168 61959870
-101416108 -384610671
97858048 35760380
5007348 7769610
-622483980 -4510794
-45829842 -130759116
-15656698 -3385278
-769189064 25131596
-544087322 589505440
957766342 -68947808
-453710994 -350494406
875605002 728263584
312097778 -22395249
496086282 484233372
447186692 659705374
982968090 596207694
-352978587 -810258354
-738621920 -198214980
53086495 815741409
167988154 -791059870
59081352 443071862
494783902 236741854
863911687 726728737
287275838 -144214169
928057112 -580263602
718864393 -756682835
352494185 340573015
780032647 -832832884
-126430061 -720081787
-380179350 -699948690
-117075685 136970989
699362210 373652739
53386131 -211660857
3953988 83072952
-754007426 -58140749
56120862 -152976995
-637556082 -683947859
-176038385 -307851079
62264667 -970116800
-928901758 -814050419
537831338 -657682453
-95180897 -499653429
120317284 -141450612
389347165 -480031320
432176412 430793085
53161774 -96188937
-283206360 239142270
-270469729 672220564
-315373001 -141820369
-992320119 257677493
-594331065 -231021392
866141999 173641189
713998286 604169307
97897305 -146267660
660652281 -697133656
-360823560 546499084
-99213270 -395417991
723138423 -99949008
-370357405 -176051078
866468530 653237622
709751104 358948544
789150987 -534716043
-239714878 -74216584
46760004 -70054065
-137352549 66573966
-464773600 -562680000
-888195861 -177015697
-502608942 511130889
-850998728 370770001
569006238 19359017
-63721216 46922304
-598293594 573408511
-294621106 -404501526
-223749522 -143024837
10524330 -9988830
946954285 808760467
-173275479 -626423317
543895688 476454070
-180030000 -849339000
346010694 -622655261
-8652916 101777960
-519808980 380816036
-46942880 391347894
929152156 -958380476
358544858 -642298762
-573054561 174631527
-806953173 159249415
-514599023 923944325
248890373 -584609229
-927799260 85359586
667605636 -716096116
-79640754 -608362087
405158400 -84550800
-872232388 687591430
-120865829 971549812
277884643 999523814
292707257 378109973
531882242 -607443685
880629775 -358473400
635346867 1014651
-430373898 -573094788
-171216566 484076041
-35549228 146231162
-481116215 -206200387
778619903 879857287
464207003 -581343011
-401599157 450337247
-306601126 -37296900
149128245 -110483470
-265833744 -175258800
-80522000 253082432
627894985 -465883197
-896260157 -253783079
-229840184 -249190186
-904272148 -23805820
7339846 50382580
674954564 -359566125
358072265 -387578970
-926189702 434088756
181375896 -71123520
767211080 807724550
-334662731 527498103
359055330 315947301
-563481558 -800937866
226750618 226073290
-129635809 -874936786
-552332868 -20633085
-760312460 795453980
597217558 -169167605
-182185110 -182307090
-337447546 -288626735
858125840 -590200160
529807946 -833367829
-171689418 -104506044
-505501747 -334933522
-96627244 568676122
-6759224 -128686234
-5404551 800657519
-233175488 120585556
-422400241 -139649063
-769147191 663488991
-740192090 807924765
-128911555 -486249924
624876672 -294212463
-414927065 732512691
884007386 -322277890
766495774 -301155159
-984932919 778489670
618779942 -643906193
43718176 -88140156
378925404 18497064
914887830 415129550
685083109 -250882822
-524013508 -489723726
-556466489 250780735
363409608 15154864
809637177 9880786
699442427 566566358
889379557 -593385908
-501726108 203511138
243025787 863712456
-376118199 880526032
227656282 -79366625
405283164 -767569374
195190083 97115643
-665387979 -293178819
-34919306 -632966594
-383562001 552305475
388619515 -577624599
-216780732 -65203194
648917871 882884809
-503925223 868316798
-327019033 898987551
-544767110 -530198838
-926242898 -871634497
-18107112 21055611
169798440 104479200
247967465 616396498
-271299305 -819518183
-374600539 161462346
-132837557 -404505065
927293641 -657210843
-743456601 -424485761
-190363994 -16644241
223177608 -162019869
-950990824 -768153405
-568164822 602414294
-234467337 -352592919
-157203126 -635661121
39008640 -7445625
284025410 88658760
-624231670 -32187970
-873283158 -736576439
331655070 -269152451
119241495 905593618
200592974 -871909185
-109455018 901149358
-524948604 624107220
-532333533 -35692739
-321683023 -364946120
-265437317 157663585
321341306 392580764
153419508 -503668681
196007895 980544533
-282457980 101000025
-458763959 -10623658
-77384565 14225355
428822694 -394145079
60920826 -149716897
-648524297 157153472
635008472 -486522856
206197950 -65552975
822337760 -7889331
424280856 -895151511
431526953 433616653
83387975 -959803402
270184536 353273058
-949757961 882692739
-750914406 -56409545
374299629 -110197318
-801932335 -344622980
966384599 859035109
-501437270 -472385195
-473277356 599832779
860386223 -43416821
-768398943 759675231
898011598 583522159
-55283397 872244990
-197234974 -580995748
-921119243 -106719066
-817188495 258023866
-429447430 -34429289
-154270272 439584000
-789373620 -255393542
-809662336 -127206593
155832168 246006688
-710046123 -697467832
707974222 120437518
295860681 843299607
-68253271 630094402
-586012022 -87147869
100650680 -211558032
-412676717 -722860947
-290032110 166885814
832355734 613300547
-436794440 -355369948
-784970499 -466590742
27809661 -513177253
-515369867 771071646
-274717817 -767834499
-163973982 -264245409
-215364806 577291800
49082910 -863943054
251953852 -290887600
-12598562 874599167
284441966 638797466
611209736 -117932459
-50953958 21424783
-234617675 806377234
911952600 -793863716
-602194871 -82413950
137295341 299279746
35624303 -460086052
521257034 -573724479
-481102789 -490822874
-850384590 509625964
-733523906 621345154
334304848 257194408
-858589646 752580980
444093820 -323812400
161335202 -878365847
597464182 630794847
834738214 -697720363
28008200 336016120
-27774890 -694623658
-606097856 -845899251
510224008 62584536
-163778568 149894988
-53573416 -35316574
308691486 -443173824
989033803 521389199
464980438 201937577
-752707312 705844252
731796785 354564472
-994461093 -187438780
108971148 24004824
-354080957 399164132
862397210 -876950887
-879690924 35466313
915211015 55515811
-580483930 -634434203
-589419599 -774060248
698717571 -166435061
530135248 251041443
-107767842 150388056
-11124880 -287508
447536603 29008382
308586164 154939586
600725332 539684360
-459472242 -583037154
-433433388 581591146
-921002564 -550779954
-61687594 872507856
-261222812 52483161
-278161264 515310098
51091 474628318
-682985967 474474811
931674729 -633978444
600115016 345448022
427123076 185697312
71932116 -53821018
283779059 630835318
-351346993 255869820
-792731211 -239159476
902792957 76065909
381275692 106012225
6647651 857684429
525831981 486951964
601302826 -234063966
311566524 998453246
-855474474 222286086
489470406 780427041
683264826 520187647
367075472 -334659329
934645642 190150319
-150540475 546515335
-501590364 741538823
660221020 -541311845
-556051037 5517906
144190214 419114885
222341896 42161788
-413558964 238037226
-547438128 482501977
127491250 347268457
-227919072 -582351464
789327423 -752928620
-891021850 633841738
885499313 -945553807
-335807253 281607903
824541868 821106115
258479230 871330376
-730738040 -843877139
890724574 -177380305
-313856957 262903189
709376510 97851202
-215282141 -551181470
41590944 -15942912
406803412 65229382
71499407 382917192
318256267 -421048708
847436918 -912989022
-365296128 487956480
-552288528 -75286728
-406356754 -619782963
-678577618 -182275560
541596725 -263350044
-218085174 6853856
110628718 -129690498
530835693 133878358
-553363694 -465519791
-572658480 491244240
200712205 -260190295
-7155280 -35556510
-311278610 750778117
78237464 -850505333
229324977 -201671505
-293774280 221294856
-154107360 -590352300
-99902695 303989340
-223210440 -895123876
-3497680 -968129919
878360814 292457253
54891648 -60126444
-933170787 221898620
-790795730 -856495377
-674235640 -55831270
-732779058 896867604
270749384 508613348
-163212554 -843600299
-128570232 1387277
741432088 -195837496
-174578398 -7393205
-403429366 419863609
674896090 -422922940
999969564 -593646656
253584497 -254238968
555252893 684456463
-815205856 353857635
166487878 137891050
385127425 -829486277
-670812147 -316824347
-283961286 -321311948
-133694176 267805472
898077493 589649665
-793184240 -500520785
-224894127 -340111455
503502528 -258479833
-186475023 864711852
310913730 899621579
-847095371 367315310
911525686 -606844552
553648023 -453131801
-287401494 176201955
324268608 765664035
327517255 326990129
-901646266 -862769734
685664474 633169132
3908500 -392179000
209633985 -392105340
560008320 -125863856
475439544 253286656
-735626422 296288974
458709751 439269282
57679563 -56520463
406525622 -586324021
212308619 -236948018
-360512833 332515656
801675738 678301754
-778819932 -755127204
29546054 -643357228
50115338 -72963602
-385212036 86046462
858948756 -894603001
2415325 4971021
-236533143 112223573
-811116093 -942131383
-274137277 730808523
112043734 -712246260
-850346975 -273307807
605747147 355532977
-989564620 -672067631
929347672 -964931437
-214757921 40138255
-786669658 770391207
725762929 -708295164
82432424 -212956102
35580250 86904342
-823566244 911845698
-393823990 -916776843
-509210551 19405114
96177978 151471814
-189547649 -681117937
218124410 -125801030
916033925 -358605552
750141781 -29081108
721742435 392088394
-67435744 390607356
293102415 861384893
177612420 425729040
472262579 935997233
43216263 97324589
-691541814 -643629964
-153354964 -59966233
-360032475 -531450988
-281425110 247689132
999104131 -11065463
399118974 -447410597
-487549405 -375771297
472017240 -126674480
965370390 -945459798
-452728532 -47668988
814419531 809682089
366105933 97837398
-818354536 -544139960
-805167658 -402490532
-25150895 -324645475
-730167226 587856757
-75701477 908246635
200539481 -387385528
144830193 179462793
416262803 -332808162
-158240650 614768762
22976094 -970774753
357039644 75292031
335320960 -374071880
706006981 993694985
884853130 736815243
-636919587 894894088
-382359229 848045041
829047343 -56602657
414133206 -190281851
-319998770 308236092
133182875 146740666
46049232 111328653
-502558619 279461355
-97474104 -679383432
58204044 -573349588
-250528910 -219529055
706181458 -52209404
77497512 120596442
692293386 -297755908
583013992 -593713363
134841104 -584321875
590687445 630971248
-518318086 851899157
-411591108 758453818
366993865 -689277225
268674270 358837155
862876212 -545407404
57503641 785953147
369609453 910073365
-729440597 -846306755
934291216 -625856403
336214450 -765337581
385139279 -313007266
703455509 448136766
166307082 -15899470
298273307 547213698
94212108 -305069472
-337626784 314024480
-348348334 -985369381
-24354843 -332807892
860430899 -805829134
609112563 586404908
-211626060 -388432436
-882133163 770393587
-758177330 407027695
-676158962 -751818457
-607444137 665931298
277334949 -539305296
557205888 -241279864
-296829605 -379721603
-819683431 228069916
114217000 68505875
-600709970 -422748270
-260711925 -712773024
-1120492 866636
-13372646 14715172
167670822 -86046493
23101551 -593808555
-64131136 61686066
782524517 -785099061
22563680 25822800
-188599090 -518902195
379896822 -631388266
-164447836 -441273096
819879039 -303486539
-171261936 -67965096
363386666 -762009850
-620214252 -132077100
665362168 -745775046
392908880 431736760
408231842 -985003661
285858544 -806567059
-235736338 -698198120
180019818 293077525
300769781 314663466
347803360 286587096
779561327 265606538
-145052363 -588702176
833622792 118171293
-934588057 -546321999
224464696 -420281632
-404686779 -202368558
-364652582 -460698175
269211810 -456574639
-82177648 100262744
-668099556 234386256
573951762 -644668891
-260494982 947684942
501734219 -3574049
936750829 -137610488
-863172588 -939377016
-948485404 521157443
-4554680 -4522266
871979382 -280431132
719864256 49045487
344318076 908219066
-875695545 409083632
-11927608 74101258
-24449072 -240921628
-342270911 -473680826
-210380677 673093700
-790738509 254676104
372587889 706843705
-362128382 13373498
-494204794 -461606968
1709775 -2439414
-35816865 640219100
-546307290 896791947
-795150899 238980961
-709705612 -620340284
-95297703 32629900
927368603 -446703398
514450440 -523981710
573212672 -60626118
108739130 702006513
-103779666 100110150
-226588509 401040828
317923876 526434804
452863718 -393458866
-140861694 891254875
114273589 448405091
24775360 -104443488
15765680 -26552556
-281230830 172428960
-965399777 -995064833
868172354 236187077
218125078 -526183812
-48962958 116287365
20720250 -11760525
-22726170 148058442
378030546 668595170
224304927 118663440
134500467 -797508582
765672043 883113502
-218707640 233760351
749495998 247761268
-209079305 481576551
-893153821 91953608
-732846474 -862524422
120804896 317354789
-757162000 404863633
-585263877 -784300388
-102035933 7672696
-260394426 570406050
-187785200 274444560
2885246 311914
-811761214 124460600
-807658512 207217476
-581597059 -465243670
-436354046 191650126
-87595046 51187840
354973500 39284500
-277577761 -669278072
-772716752 -854555630
-949483821 903851517
-373123113 966879054
868925870 869631782
826372354 900152890
-893684713 216259113
685305730 598942660
-7929646 -348894657
73858519 -49294272
-469977916 -97634185
67359825 847736445
64832610 -393023551
-853899022 -883704100
125303278 -92775030
-351074028 232824000
-930729021 -314632128
-774659600 -726093468
-665915264 251108730
571700880 -570595642
257661712 678972382
350879144 -153669410
-145719360 204070944
989830538 605291229
-898046164 32709506
-864544625 -661201392
269396603 414968483
132949635 -269380475
-470904517 -28011344
-469297152 510375936
-314757089 -649473504
506655976 -478748571
-301554644 849446265
-80933732 -217651990
-50318604 -927786
876494059 -757551200
489223248 506913322
85266896 289705856
-634376422 -855698280
187949790 -289229255
91003976 90780340
811228 -991965012
-392921693 350017913
211131208 -160560104
-784502873 324921345
647943696 -701528112
-749288296 -811991833
703858857 156467021
481086476 93643136
-441943907 -630469926
-3200972 -1323172
-923693923 850716505
421384152 421808625
-672555437 -653994370
-450739466 404498425
607307501 772151552
980372902 780101874
44040430 791879380
677317709 -685392067
323081298 387977600
-317063412 509002058
-862575420 190195920
33093750 212365125
-217650004 -243485264
-359968180 -895629106
-462683237 -40044044
-676727820 -943170401
-890753094 -946134507
528628490 726616493
-366051654 -753366170
295839835 67260989
-201940282 -311559879
-986127482 -318949600
-945371630 -622239346
-671963649 682490828
-154711732 -188866834
-411526438 388048716
-750942764 -208181768
768049843 -965302559
60867647 814326833
555240531 351750124
518152637 -462405320
-416994750 -654853412
-177210180 518547863
-814466692 -246231114
18791252 118114263
-30850044 887522721
-80956188 709780102
283110240 -355517148
-295403008 -353188864
80882329 -257458572
-59515492 -992757698
633057947 -627329627
512300113 523573525
107577400 51235200
-116601951 425537130
-376062155 -210364015
-408852285 -189545076
-299981760 564907824
-882787765 -652069761
-221858739 -996381288
-374501969 63578149
-823623499 -137351281
640439241 642935045
-919657502 793225847
586148643 -585258720
65412480 -17872848
-123406976 -120588440
-211804224 -55040832
-584978364 555304150
774335799 -836765371
135033693 -137229084
-27028023 -308160498
122454162 313703589
-232443288 49187556
-230815090 893039400
627756480 -269677824
248504756 -125456674
-560802863 -133081980
86587754 -489670696
-129917110 53306272
-79550660 -27036835
-328953004 378876077
433529824 -101889424
367308777 320732730
-227669967 20243685
-24744814 -232248360
-308443191 325059604
823732972 444569762
-659067188 -703883820
846290039 956553327
290413363 -370399315
-107885398 -433641729
-909582419 -244761626
-999686422 -881187576
577725376 617076983
-710138457 165331563
-880736734 -595983035
-935132751 -935089931
290951694 833080329
-604994126 511915104
-480816 -27830628
-680895017 442135815
125472386 -391969826
18683173 -265348457
-620969572 149935142
612384571 601772033
-68352620 -55417810
177902329 938425095
-58844759 -865043804
-995130917 -768436509
-379720108 465879186
-516844355 860194793
975484565 272647523
-341695527 -613834122
-314621536 -55735400
326812160 -17648720
-479465202 -347502966
-397215481 204127320
799054203 -845825667
3179456 9667853
95185500 -78705745
887006727 -225311815
141002257 -740090720
192280410 -213988782
374394247 391315806
-945253030 -753113185
-37483677 52367139
487461792 567732835
370898620 233389780
403212397 837204297
-54821260 225872400
-708225921 -714287847
-149764371 456445091
780518800 551817867
222725008 254969904
-313539834 -242571373
234638340 -479327236
-391772876 590615913
203989238 -624381464
162312092 581042980
12343303 -492129923
-684880213 -844068382
772208132 797772925
-272291253 -971233138
504636474 928535967
790706471 -714314650
-602506979 -925996082
-491920630 -698405678
-183225894 -294016639
680206390 765054070
-1399220 -5477200
9463216 -168112532
-798319993 649465367
460483169 -824835240
385050847 906762072
-7401408 -31722624
565579140 234081474
255027421 52939282
-587903523 -503506182
180410506 787051470
726590801 -491360232
605598504 -227893173
-87973285 -141998776
-832147703 158907046
581445998 926072285
857569585 49890197
784437023 825940087
-125619144 -48091120
-95487638 350292846
159795524 83065991
-409391066 880104932
61524838 52325962
-288126054 -73360620
589933199 -746710037
-474234229 495553537
106036556 -78472656
-70958106 839774232
724472898 302613874
-465822283 553041983
343095984 328745682
-96118064 249009366
-37057140 -640922508
-685707447 100553373
-200056970 -337706024
470019089 -247239955
-470614937 674720325
-406152552 386617599
-583951111 815541202
-47884023 573935647
-173389668 118675932
-596650800 853395900
814600878 124110420
386845610 -399802224
-38101800 18736080
41930595 45970344
307059814 -549109408
-106358353 697599431
-549043270 -512527919
143932194 -265149216
-536745035 -27908026
382955273 -297586655
-284236868 551101408
-65856375 71133300
-887264045 -491684758
497827161 662572760
-477159733 -930561279
399175634 -881455823
280890720 49870560
-387657901 -643561208
-737635629 -760963188
769026930 853644000
-444514544 115356688
502091436 -609890094
503094156 238999452
352094151 982730658
585570528 -676960176
-460218216 -213874853
27881204 -305890744
596601090 -434394179
486538284 812516449
390593151 227656884
-589438797 114843648
-213549744 139618522
-12617605 -655858623
565565770 937078885
29608623 -137342579
640775121 112591458
670166107 -678004230
-423666444 66068804
-653042142 -412622564
586212802 -640820226
-932558971 932638585
-22972307 -229374508
229649933 -131587403
630562253 -448216077
884652297 951962939
343775225 -189350324
157976158 -783941706
-154938836 542986425
-185290164 -233777439
-164541960 611395488
750718090 -313176481
-273561257 -602268883
1848384 -31748400
-299508384 -18340112
705884722 -227361742
-182605267 163608934
947839447 -206765329
978216366 -476632543
-882235618 -458415143
480047035 -968704494
240139268 319063724
662039560 -122276863
46001326 145498574
-427643687 -134188567
541140011 108543403
575035112 663470637
-266184072 686853999
-114751695 234637695
379322101 741959784
253072960 124266560
201634054 -439470527
234398700 -721451900
27066000 253180200
-765100211 -72976810
964572503 -991054545
296590575 661171164
282666967 561220164
-38212285 809847524
273923536 879415914
427917325 -938836641
-86640871 72028932
170504859 -627971588
-598433348 -540758498
729967668 -268981784
396064557 625776164
-761368914 -482705718
472761471 -908274445
8346415 25840
-259914861 680338314
-16395065 709261540
294263295 -325776929
154385285 -573736098
129681669 -3976434
392670582 99951007
60508686 -673500832
187427258 893146265
-472369168 -628815239
-692205306 -362232670
415710063 -243144558
-416617530 -747564328
440226433 680848485
901444543 -926662212
-765597801 329755733
553446000 35036040
73179529 -235075303
624953522 -614356436
52750659 -684358149
465965754 -593473394
-721655121 709718056
-826452073 559564674
-893116989 -217676106
-327019195 -203800264
425532030 -706252068
25253615 564734877
-464701513 754185386
918133991 -154344371
158461164 -244107264
-319446721 -957761574
-93301726 11755596
-111011195 128489945
116551036 702209111
12130269 -75532182
-909696989 805666291
-13065306 33059435
-253314936 -353779368
-256099142 -910389603
21517600 165375392
-53001824 -36264704
-840931348 639448506
604986436 300796612
-763243807 -495028404
-802576968 287644476
-945722197 -51813551
904644296 -609183878
-130989482 -994376246
211260795 -569797002
-96333930 -144668601
142765731 414038993
-843648026 582926786
563036152 216363670
-191530011 -726729610
-21156105 -314725020
-815074944 -614525575
-461994652 295902314
-993665828 11921272
551923137 894132753
2072820 -656401492
-335123772 384329451
982712553 410513871
20422144 -18464640
717029667 -435050416
935531223 722479182
-947030482 98476748
758809303 -742726395
-30170478 -192467254
-55686795 -97068855
862704169 -607910663
521464555 178140343
26810910 5370540
-153493917 -637864068
-205856093 522175081
-525308482 845090477
37980682 -873392415
-886043954 -847519413
612063886 -364683914
-755453308 830565559
843138470 -132369485
-298723961 48840061
-26488136 -86265720
-38922796 55030160
487478454 247113306
888829915 306323310
747517852 517906626
116662708 -684499053
-211209752 155680209
80752247 -807678667
22757280 -15975840
93610826 -43102780
-419315222 209673377
-282274147 738588006
-835360017 751551396
8371370 -2954280
-84710352 103061856
-926351333 612526713
887176603 -377376280
696474806 159879500
-217098213 190464500
-336721017 622119607
-488875 336825
-563568088 627428398
-69638560 134389280
707231971 994225889
33057169 111455729
117085451 137528251
606112180 496304247
468832588 384840151
-191988791 75588320
903950269 799352218
-620254915 113670320
16744650 9591335
-26497482 -24203850
744159401 718949645
728083763 -713255224
113510019 117165079
285605670 -315684501
-403732716 -589784130
162391185 -120902100
696164268 -738591919
-57971350 -18288303
-375314125 113280125
13776182 -237148831
618628231 -191539455
-700679487 -157872212
387674727 -864827639
75098359 -532372913
257192928 39536625
-458229424 738899445
264082869 255219614
154341984 -287400864
700723270 303157408
-238015480 992313712
-38927283 -853357026
-628053613 -538333684
-176454599 -259342990
697682648 78108412
-586274580 15859368
-398852028 504144860
-897204083 375658807
622269324 -239854212
-591132741 -337672381
651041020 722701625
367332480 269912254
-33073001 651512157
578374138 -791397774
925922826 -589077828
-627654271 524855429
31323107 491340756
992720755 435046486
694505672 -235692010
-999185365 224688454
803862438 -314052626
30834875 124589845
-797636939 -405695921
973716715 707754117
-151514266 280158631
797062575 -265389456
-79981125 82368750
-423125941 169605800
366448167 -274700385
641066466 -570961020
-168225216 259352796
1681900 -397469996
-992659752 -112262714
496385592 -826679894
-261286423 -45600692
-317935879 944051707
-553317371 -21667105
-428855104 775586695
-340463951 330320437
-487407723 420014638
335094291 772721772
-701514076 -5877450
-112699528 850186562
-746275560 397993313
-67714158 444907333
79507890 793376960
997195418 42901909
-305029842 -7552074
-170980515 960342600
510707388 406315393
472419633 -542928290
-56389697 641432681
-403561827 -99928160
956543172 -919892171
770226324 -550756587
-115042356 380727864
371753532 476912177
-274743680 265928960
-928532818 59185175
5638995 -43875585
-893073250 -317249770
121331208 -81208940
-30279795 -529930590
827302412 -462097039
714137160 221144718
-754354698 85675211
-588746155 -627579603
114235002 -79323062
-684098293 -286012155
-361808456 -610470219
560140542 -195827887
364652702 -697081076
-95627224 -442266209
-174300966 118539504
-239018445 -141530490
23329670 -11120122
145786172 -278609814
-803129882 634090944
583338404 -80412124
48256824 6600384
214641394 -634768224
-487590390 553191660
-710765639 741991140
-244011621 -482773509
-199018687 647922804
709263820 -830936978
-141480310 447975820
381755485 912393133
-57525030 46917810
511621730 16121288
990329218 285373084
823201726 -492038265
811860495 -626738592
-60771600 -79917408
75015532 -457788846
875523572 677425476
-874419971 857934102
-595910360 -174439808
97931942 531263375
-149123311 472146708
-728677306 -511290054
345246799 25405144
-880905526 -15091656
727682715 443458492
101038174 -402134452
-430061907 567784721
12954930 562785395
-136381192 -251310982
741310386 -166755535
-356481514 -904731950
172203520 -81745160
287444924 -460392621
220486212 -405717411
-460586016 98585028
760212821 -615135396
60217560 299297178
-353658944 3650424
758962991 736148439
-14292614 27235496
25681645 -365451295
391911921 -158916973
-60824232 295530225
-629300341 -493730172
850932732 -68329480
-63541864 -944941719
557309010 -766317597
461451578 -817301261
971889576 451868394
951201620 555514708
-363705004 -193980098
111601885 190613665
-326161616 -289539844
4684020 -4117536
56834293 -447857281
1182928 136
-575047105 331001061
-421631035 -51346462
-88191401 -150111973
237083080 -374662440
-116780400 -89770692
-191137138 17423020
46045600 -24104480
487589433 -54369321
830717273 606697765
878469624 -688275095
-919200132 54782049
416992346 842398188
435546102 -561785368
765387107 413119276
638220291 556210473
-502367201 -664636177
781440182 788122266
-124700574 -548990539
-306762700 -9322493
-560002515 -411153845
120499036 -7919772
-596468815 -99367746
-948752887 201309897
-77183344 220995072
-259393394 -890086261
692516854 -698667237
97177862 -128597187
353322680 909695891
-193913410 -600795359
95789723 -747058822
238182266 710233367
294995811 -823744968
-69158952 -148741650
45955656 -40210200
144555011 116252497
-253854172 -117811864
975431944 144486280
591012485 -987302115
588715156 -163777632
669519070 -395831286
-431034210 630532986
-718770856 -565995943
-126463691 17978822
281214192 126067324
346261354 -198575928
-176551703 -561302309
557702676 691255876
-470699113 -723267233
266103935 581826098
768229523 -952027282
705391589 -573704738
-119258392 99171512
-609464378 742572909
-513091233 694423862
-134061184 -458979165
85582536 -746114876
955809901 155555272
754899800 229824915
-120385044 212422770
85640771 -386141366
244751017 -775183715
-78781980 -73477648
796887125 -126034842
74357136 -125607580
-711837303 427999876
152583892 165691744
-279504687 235193564
-230500866 218640021
-71551350 -104928210
438126457 607539853
-5340355 -648680443
-256558167 652722758
478364967 529583500
-468414951 162334016
95147697 -394377368
662034381 943998844
-147544733 -992135474
225432768 85882632
531407329 827442024
-77389480 67593852
-213784126 106912638
443668381 -874868522
440119903 -826061899
-52508197 686062091
12210280 431163948
544464876 -25786514
441878484 -100024010
921472226 608194120
519994024 -275492105
-240232528 -203639472
219256695 738847183
447808054 -145403706
533409467 707466502
-224882592 -27947645
889376224 345353779
488078285 742754851
833988897 -593283394
-253937100 723036241
-621114668 -909727254
52499319 724305373
630712537 -401206195
-173649187 -886400404
-362377028 10103466
-619859784 124124704
112355693 -943338607
677755745 -687834133
273203637 -173283472
359483763 -593036693
-44639874 141866325
410370793 -458289902
-362536356 -18873400
499496427 -272828005
-161053920 -41865660
376628976 319347996
132534203 750672250
528472607 -225639023
-683212037 -662609128
-75262452 -710514227
626099006 339741679
-232220676 521020099
-627056596 -596488944
-193535237 811684644
-70019994 18268104
166058737 -330908648
-375192279 -180283805
-51219771 565552546
-218837867 -948005461
627622011 -756797370
104888497 -259477617
-10618496 -336436291
-501733235 508263337
-511446695 99750754
-344191870 -306072875
-970842193 43660386
857712741 -875010607
-293538592 470622934
21198487 241844918
-341545974 5778960
5036577 -158546830
678027267 -422699022
79234022 838515523
613927936 -68364960
-248660951 271238561
-623322691 180864492
883335596 -643293877
-443763135 311199905
-30966462 59044554
32428766 -345126714
328355088 970828902
-702144683 636856650
-304735199 702473716
255654934 17439366
291111480 582244280
939189209 658624760
-364265374 -13311600
54726848 17896640
-37025353 -21979154
-469942621 -683450180
-895152526 -775183209
-509106125 600136116
30313624 -32221534
-790497588 -184381314
895947646 -900581117
121918917 -118806290
300751210 -81880059
-666033335 129694199
171350244 329428873
-771438017 -753809733
-404502593 -346749305
344870934 -939107586
199839710 33184100
-132884041 913480935
282457197 815328523
20226684 60136704
-612124017 34409441
266305119 508207656
-920943383 -482813897
533784864 -795086730
-159425333 760152249
-135369579 367938171
350217832 -674386088
-4272489 11113791
763900062 -162166641
-59166840 424960164
-542295890 552565608
472716405 37041543
289245561 -194759898
-261113036 522352572
730362231 -216217303
136119910 484892727
46054004 985425189
-667081926 272340516
-37849070 63650020
-203072641 -598828953
-356846527 186573808
36831492 -462456371
840576377 192806957
-630683953 729771430
-721205677 -516097123
-752570167 397014123
533922841 921493341
688359455 474523955
919322722 -801018813
-344850782 -243289440
380893139 111360989
-193155076 936832705
804433345 887973514
-253339374 -199465413
256280610 -138903555
-574550272 432260007
-813434143 -278372873
-612828296 -662332574
-479697099 501035520
70438446 288186873
-461144964 167983137
-820453517 365519911
458711647 -121460122
-100866708 -27308965
711596646 -86382710
-336956626 888673912
-300089132 -231479689
103802770 -870637210
272752830 -354437130
-232580296 199889562
150185143 735205641
496618454 -50047196
-626797600 -20360551
-470527206 71566974
264032807 -324326694
-118708672 -150710592
-701910726 967820098
50093061 246518058
170845679 -374792718
129801205 634716239
819724361 617653635
-224710635 438817015
874349000 992260392
376327213 -30087696
63135420 -598601936
395564788 -310422567
704891195 692039912
405148771 -811880372
-535031950 -378573427
-659698609 469588863
-611935180 382388887
903504998 950075398
-10400638 -955073610
794557654 422922696
-689934517 -632870575
-87959457 70339874
207563502 -232640179
-225875735 -708663358
528709298 -119672904
-220665930 344219487
-23859782 381381066
225509093 -575339077
41091616 186012960
218267352 233790732
-632615626 842377489
-53337833 -750371951
-583078399 643923434
-664735167 -651520103
135777598 829105992
-925157698 603138358
-72219609 895844986
115380804 678588000
-58617417 25931558
-468221998 846033590
761059724 -717138370
88115844 965712278
374841196 -300470321
505801171 -632086251
-355412150 46841795
-543629653 826738265
596833187 -996699133
-403768266 564067322
628294590 637036308
371111318 334871005
-389940496 387525292
589949456 700708757
305678156 -19790071
436830872 119813006
461697138 -956766804
-167694379 -539068007
-224294926 312985733
-649464080 733016679
121163904 -409434578
881770827 -609273222
-171771928 824865290
7055664 57982672
458688910 -512223973
636498898 -293640931
-795008228 -668541360
432226938 -632464209
-27312713 -842459141
-206980104 -124730292
-620060710 -703122184
733514937 -626873040
-260833174 368674013
-103854394 -11174919
-679369403 -64114729
869443194 -609141700
662297877 891889443
-447582678 -882299969
758143831 559931264
-185310816 -374458740
568042772 -139978476
308976985 428012001
-455489568 -105687504
-713569077 -194301359
602262547 333103849
-415825923 833480767
-7492610 -452090
396045906 -310371040
-429173976 3961272
-72392021 -960172206
-811154088 458949385
773714329 238210344
-1605912 -2921996
446391736 640787207
-633960649 -765424847
17253572 -101623992
-417657160 950869644
-400220954 25407284
447050943 135867327
-120537222 -311322674
-675201480 568800312
741214345 -123386293
-185397570 808104049
-996596450 -194122578
26430030 -33972455
747998615 -801840703
704155718 -22655688
-573173854 282473767
-131899712 222252934
-251102971 -221586691
-182369187 138805598
-19349718 102214071
-774839863 908566054
-984724308 129309718
-75965850 431623080
-4697927 -8862165
359688291 -347195729
225917900 -89716900
231741620 847720920
-343422768 -535953600
-571160479 57371084
-674930736 -144308100
41066972 -505501054
227622161 -190275477
432256753 379306531
747562179 -501174149
-450857563 -129403599
993270044 702028118
218077323 -511158534
-208514600 -677711103
-954657820 577131750
-130764480 104328660
652429428 53146273
139169112 -469590006
103838816 113410049
-403991658 29649597
-867644938 -119644735
856192700 -19190258
106254804 286372554
442755696 486537685
-407225174 572817732
697233037 -601559788
166854232 -304823968
-149693560 -39311635
109467250 122433509
446888479 769487247
359744798 86949375
-22305487 346980413
734348418 516265835
-885550 143104551
-523437760 133190065
260421608 764410740
-225366762 -794641664
-73442071 -405933039
-646426938 387649687
-101416887 -784140919
17525340 19626460
-992126076 -868001893
-52078377 303832504
-933280182 265973818
879311468 2909555
-25208845 9211135
-808203868 910416634
452910125 -114698250
-996411090 33997454
440011847 -778629693
78213706 -178264842
338012588 214417256
-587000196 385016436
-316292362 -40601682
899203874 753523301
217297386 212252650
30319849 255190786
-53841125 -47499400
-714463027 731252473
-32817408 187353216
520780108 -699821974
-594593734 499342142
-652967855 696361852
624050249 222402292
-70392517 -125551870
136797631 -162564373
158524704 -266986980
159057431 -165087046
-579477120 77089920
916242353 -887755440
-30394276 -24944920
783035246 829700465
889568159 -554571600
294203810 491774250
-898813530 -67862289
225218880 -163920672
138581033 -190093038
669047148 405477576
574748252 -813086456
143045616 42935472
276061791 307402839
-192768399 -175471994
599379808 627752875
-800660797 599876491
-957573956 -598479214
66128559 995537418
-872671558 518889463
877963796 -636490490
103105236 -54249844
62718521 -278710558
-520438833 -865374424
-427792874 353089564
-168757062 -787448480
6907950 -171222606
-50470654 23853281
352776057 -79695876
-689217093 -711032568
-747565260 585800472
-798889516 78619857
933355263 -164839927
-757151611 884255134
53616069 -116451603
284142750 -498904184
297378504 178616393
680006386 -131622720
-274799128 -699253887
-753573929 908851481
-88076928 -521024959
636172416 -338985845
-657184131 730868170
768141128 -833613375
-308346663 -69918572
-412264397 -15248218
-416291468 -901368473
772926239 184248441
560522673 -875308058
-403402277 150486143
41404352 53567104
-840871261 -481014518
-535550488 52375318
333769999 934626151
-996728610 634234226
184505540 -73422200
29304754 -960479447
-327160044 -237250548
-82660448 -66436032
-15384469 28356553
938607103 449658968
153138920 126047240
309741277 532557195
-283106683 706571723
941629720 -696075129
202580910 337149355
-616578381 99441715
791942993 -857345830
40597394 -943877571
-330659784 280902265
415371537 593303042
-822646064 -437849215
-773238951 -493299647
-226765827 468413377
203022528 -67007423
-44241188 -87883139
-743467903 570963667
724896051 890153429
-402892302 124567823
679337830 -486718281
-39214030 -324914816
-792534016 62596189
-73357479 20485764
-121601157 22414509
845037124 -976887867
-225273912 -28486936
628083092 529849320
-82939515 243615015
761438653 -469137817
-389988397 -744437269
302535603 -526990633
913720950 491470649
411487926 437371892
-937202835 -661923787
-172144000 -206302080
609314425 633718837
7168136 -260146700
901466060 272164757
-145450772 632712095
-359045786 -11335073
-572594619 976956827
-493932018 118625626
23257411 -501430588
-555311009 822798543
-443683140 -4509180
-15296960 -65149770
-506219874 -249701062
430887280 319619657
-759208896 434478423
-324392344 -216980096
83313624 -630261030
-499702888 -674798956
-983541355 -339798216
403710309 -463309541
-968423060 803890879
-782535087 -446149694
-380490426 206645598
180437341 357492049
-918187191 -71793937
381372365 -347450875
149367732 -131564910
-228812528 560558021
426442590 842091390
842653680 612806480
-265206370 217421919
-746959558 99120991
-120636708 329413649
219568192 36299569
-761354625 -873983192
-829164620 -650698703
92336790 -291731768
-8082241 584607192
-298776769 -10512542
578584866 -577542987
-70977990 197423177
-666877577 -743699363
-759483381 -118815104
399690433 809641343
106429836 -759845883
59093662 819593716
307033612 307794944
198574891 283679462
-446565391 7859429
-741362229 -47933773
-6799107 9767877
34947764 12463286
-545829873 -444552906
74150505 229230378
-340061606 11717587
991637476 -892017819
-262006200 -419988240
499490862 517343853
-194995016 -424261654
173053672 -64514405
55106874 519446372
-43924656 52644630
485220365 -313364483
831061360 -512368529
-268443996 74938344
-336925504 -766128158
-581421374 255288600
-921938264 148133045
-350111523 -686367912
-63111 1942053
228464537 387204390
49881433 211349691
-393858177 810136798
-42902415 299241482
76723815 -11958345
548005216 -377638391
881176194 -173895779
473487773 129994603
787732129 700656970
-649206358 401341333
-337665716 -612935844
-220877761 -36329326
453698878 -535665213
-722723792 685091307
-503413808 -532339939
-288352384 -340258104
630542229 265280448
-64013082 204312502
384047265 160254041
624962852 936223090
-885766647 513676421
999981936 503301008
-915226209 -202318449
-508650540 326563692
347215235 -338978954
509090470 511948110
117039401 297557577
-326912431 -801685524
-709620916 181967628
-583338855 -159871440
-570649217 971152716
47131845 -770017027
-470903663 683529392
346657030 692640374
-488586627 325306391
183438871 269827214
905213995 748839121
470773627 489233151
-211292354 -345007166
90561736 -143721584
855758477 548343143
-457336992 881810349
-846876074 709907374
48704046 -229361562
-670733599 50101534
194355600 686389062
971793939 -756357878
-393063156 77677760
120220638 -412112028
345534997 78194942
-59391846 -141892704
-252997836 118563900
474722265 604299095
440738026 993901280
624404544 -394323669
-836706669 -482483675
120467116 -158747094
139026420 43989579
-767265664 267825024
-505999105 -126900840
72738912 62440192
-255268940 293998731
411935615 -468235785
231823747 202573894
738103165 -111578694
-388450684 561888673
-61029387 -918634992
86080800 43730544
400494256 235627704
-284471302 106163085
-948957077 416348848
683638789 -345154875
583119352 987904749
194089541 -160897709
-262470724 -753951884
628363140 -537505320
-343076562 846394458
-230960450 727754281
-525283747 -690356355
-39848955 -270422843
125189080 -138590780
119014454 204836261
-236379789 430224042
366909385 228430855
158525992 -24957700
745657079 8240037
269682604 121835700
106533050 -588237650
-56532840 -106250040
-76566715 340621443
-245999810 -470791585
201885265 -831276852
-41408478 375337098
-545084944 -185671808
-79793379 -284764512
-810857450 605376434
94595040 -101378880
-581305006 625144650
-5463008 -335114834
587950019 -776734859
411174456 -565131952
-478757184 554425488
-455682782 132088377
646449475 -453743817
-730394621 475204591
-457205038 -617553798
878468577 -824836915
-514566876 967001357
709548377 -70416583
-31934220 -28701720
218822963 -500366326
101952570 609455481
328457288 -414684263
514145246 -72976548
-725974941 -607521358
982745494 -733079492
824581104 244503157
-473557066 414187578
313833588 -120840814
893972145 -993919251
401774639 563625716
-145279760 -926749871
766128753 722397174
589949750 -684709567
-609042184 -55587139
-76400692 -145204220
-575680223 -173548340
-518526551 -26423659
-995238771 161364387
569363872 455620974
439327301 -762817582
77163774 -138868630
-176818942 314950389
451032006 -264150873
763096561 -828122465
328666080 -676754520
-242434159 977132382
-807189938 904041064
-295829325 -767837799
-409482057 -28897596
-188300022 697303721
209100824 770126294
485693060 -610944674
-676992977 -326481635
-6039099 2398143
-319563936 931602367
-894976879 -681471225
893729150 -365619442
817366536 -720551878
286479020 382001095
-745777814 -982553858
-420079660 144514370
677965419 -823309038
419648834 -483784053
-60429502 37496260
-34480197 -675781761
344117441 516679029
-260582400 -399059778
-57542550 16005470
716805349 733126349
-846617289 95211143
-67540356 -216348634
203927845 977714
-475592529 -826687840
-80820629 768909203
-822021123 346866064
49005760 262752960
-12059424 -461240208
-454525520 445180453
-404900979 430109993
622482609 913014130
473209232 323025259
724723329 -190331822
85526727 75207704
-231464246 -272941273
802483890 447172596
51781431 -885323773
550144900 330034113
-523999796 -91776556
-390938911 -912448189
-700919786 -600251938
-348220426 -780344787
-787848105 -800997338
-125788430 724489311
-539706040 -523942310
-582861014 783676215
-491424100 451612650
-964602987 -92442125
-721589430 146560673
-26517008 -107833096
-999337545 -737402702
588257750 89265625
214885821 -761012592
-133231448 -906498208
679535017 663119162
-449410094 -186845769
178964184 -394290925
-282672534 -432891390
-286660754 -333106563
-411872684 475014699
-537860297 -54914913
-789826586 -679957558
392332937 -164772567
-359147023 682061964
129898522 469882413
-944498219 220128622
-213527823 -709270683
569268600 650006620
-53912344 494641696
-718944225 258116249
131429250 -159512250
486051747 241128438
-43712516 -505814620
-777433376 537135041
-632204590 -572715681
734575664 318748912
307924377 -375226618
-19563676 -541436
-229305763 517461516
-309972156 764187017
909809286 434828966
-68993138 269820764
-365784145 678478608
959244892 -243766318
-707719965 -79569336
-347987739 834608125
853697872 -89095641
103623009 343179991
27308400 33480720
460680961 -514779928
-751733467 -651273435
262929103 -868231782
-649386051 583812046
-772424533 -798418340
142472533 -49832720
839536998 -185393099
-621179949 641747231
117232708 -460446408
1068335 -114949750
-358587068 -981572049
705293486 170292307
-186063288 -86542523
690014825 -705674785
-233243596 279457056
-20824365 240748778
-502099785 -495851016
-48417408 -95457192
376017481 695904887
-2564636 -158735288
-359331260 184360421
-526955227 -253501845
-971641821 -907420379
198986384 234698932
108587724 25299144
116589243 936806833
-774601399 169106531
167793168 701599589
982002307 -301853150
545685068 -323698210
113752236 -15742380
-122066885 339065080
-800538752 -737287616
423332307 637883840
-112883591 -182854062
453430483 350066481
499055882 -662516471
-423016088 726705238
363452772 -209026416
-393977528 -342316464
177396216 -54928353
517370884 354638703
-693857760 140884782
370661808 227536320
278283739 620020398
-201730725 -161796825
857276953 705069367
241962869 -634823091
300591886 -219398394
105355606 -168646068
73715760 -27998934
27262844 95182202
702030720 -851252160
589037376 644209089
-787866775 -704357476
439714035 -609700421
376259858 -265563078
-562519906 -498304982
-963352968 -283625734
768185962 890441212
386413344 -471987675
603398448 -872152991
-840314744 916784814
-650597477 369657545
828781851 -806246049
175435320 -12330712
467186348 604539495
368452394 -344306186
-225561600 21719500
-80112836 -675172841
13031460 13098228
583288480 36566035
320764415 -778213153
868744356 81265404
918797434 731770459
-285467858 -118127757
-665596276 -171277705
52760815 -89095275
-456765204 -265494759
640914460 453891320
3065532 45870786
-194564406 -304398786
37585584 113929920
-205615152 109709424
306821403 78063304
-176432230 -102070385
773540528 321306457
-135892561 339723379
115551800 659248590
-284134233 -259090211
-208920717 139655319
-284035748 -187326140
537366281 270495907
-435436486 -506347296
138087150 -169236338
237547265 293889782
441119835 -367796240
-996779812 542137694
158886480 437284988
476616026 116775842
457600550 -48459232
232447050 -405582804
-864491719 -954160743
779943369 -185533421
516026058 666319797
25255425 225854673
721872839 89467562
439787025 -567105210
-414820250 847795792
-113658561 -93030210
-659864715 949595933
-807521325 -767973207
-1902536 498926776
408282493 -419409686
509001754 -601191375
183557891 70839781
703923302 -310609328
891183384 589971096
460202055 692946581
756084532 433527541
804996747 -433891395
-73006053 63939270
846400811 -972536473
-115324237 105567308
-245273217 -230548851
197197319 -46508999
652261028 398609040
-94059254 -647035168
-327899283 -236585082
-259113303 360762771
130081119 -474536961
497369270 425503662
833246546 -135040588
-176233326 -446019729
385834703 745431645
-81847782 -130237794
258862552 401375048
70720793 968907747
-890761944 -60161709
483880432 -615491436
708865101 544437620
320144868 -469666977
555588464 729121186
-74011181 -301415238
765980191 310173062
-38347605 842631
140520393 -845553016
203290471 899297257
55056201 25579134
-259979041 659780960
-679206825 -935490266
-980562580 -963284502
-217252800 101147008
-991140644 -307424025
-489225519 636564613
-178508993 -854395511
-959054487 421687367
-673086623 539805796
-375790296 675935231
-60908924 -89181420
382194563 569363157
822253207 -29980819
-520873685 -795268490
-517241188 -706091095
806789464 -298588689
197850189 992374125
-70122161 4738264
515289564 -335580786
176655198 -652515434
-589650887 758440175
-294680925 -20605585
-493843302 638195358
-84926908 703090058
199520530 27695307
507824855 -745229675
613219915 928944856
-305750170 471725762
905107968 -128420091
-776384446 -529491354
120458583 -713679310
-880622950 947893179
632296169 -607818318
-336635948 11995182
-250359270 -358993223
407986723 529898864
-671708260 328826865
-943674917 -927461616
-69550717 -541475123
433360970 -163281252
510435111 -936082512
-534793492 -887917150
-804979615 -324571462
622140065 787335821
-799112185 90964788
-87185958 -74973392
-39861392 -375159342
334994925 465037167
-199614221 780706255
-131090436 693967717
-639708264 155473240
-607959895 -865705669
-670640018 754756088
28642950 -167067675
217053638 -39466166
27003293 5384648
539028711 -763190663
385318360 -642420380
-334836698 702325323
811262627 -120486971
-297868682 -77029026
-735086 -417131
-623370 8559815
204858053 346624438
-143627632 -759008877
-209842650 -78453669
588844957 822976356
538265550 178310375
53502048 -97610160
739043624 699046610
-132824407 664772189
627212406 -843728596
-12406311 -468681786
-194759997 -982077485
91156689 -306553536
207207327 -962467368
-536088122 854111493
416935049 -403711219
-280437004 -866867809
-118631040 61501440
-656465561 -980528497
-571371610 -495103604
-754708490 -850628526
647896584 414419792
-922382993 128396349
-421690967 534468361
887669334 707081161
564108466 -241986045
101187128 135824560
-886729312 -679775833
66093703 948757290
175275189 412858004
80807988 -142734623
492481344 -461288293
-105031072 -41846283
212494769 87278544
-42757536 -56676580
429232447 -950081821
44966904 49285023
190861863 -925668337
-901020363 -263886950
300978254 -17738232
405957698 413215184
226191673 -776269562
-668741831 84620277
-941584195 -192827844
2490003 437894562
776884122 366136232
-107255598 285946201
513967041 -428429497
-671361540 -463760404
-958696634 -357545180
266992459 704048805
250043442 -268531467
-257104287 -890479876
2268766 -631469876
419611320 -70662240
505200654 804779228
-298338705 -223970670
-100095800 217483500
604423630 -8915326
290291477 490712214
-728534640 689569865
-16909990 -18816398
-454416174 -39705426
-85788274 31586808
164548273 -666646813
-47086902 -32930040
-4380796 60281980
151233289 117338120
734159508 55319375
-904888935 -173816200
-283555755 -5939325
-477880547 392692952
-2257840 -462252611
-354599795 456578567
-98392834 315857493
53382738 -806310345
696842497 556750755
781857643 -780173287
-809843269 -433630262
-720190368 495985368
-455157663 -262385752
36376365 -2810853
477897009 -927904333
-177878951 -999025950
-65376228 462555747
108543906 -712834695
143753541 125635578
-223731071 957393244
-394547385 48475320
-431472420 848767827
-700782040 125867420
-14546212 -57286922
-840524854 -450542379
-419016801 785538138
45538400 -118345440
81318359 16931176
-998476473 -917921631
13641147 -278344795
792621826 -13230528
229357482 -311844264
418488977 577017707
59921364 47431752
780466744 912899560
-273182984 -515208220
468238161 307056625
682323475 -15966830
-501718894 193741332
275766511 788321268
996256252 418057477
883185973 -990976763
-15208683 -156276986
170611033 -959167607
-318109090 153849852
8432931 166082215
4141273 -697174052
796927497 779032225
14374382 -88520019
-25067521 269741172
708064491 533841589
134043625 155120486
-850722246 -465672065
156567577 134475519
-380089680 242069952
-42197758 -45795122
-810411421 86746009
-89829306 406747262
360445140 -259473060
568346998 -544888110
-351658586 -55118910
-611568322 -904250539
631146601 -463195497
783149173 -102524650
432006683 -889259062
-24499139 242882496
-349088344 132800168
-783616470 809930940
258710625 465183118
118745139 -377188286
-54583009 -826721689
-187955259 -810577353
-948341966 -747301473
-968900365 277567271
726266999 -127447454
-263442684 -954194489
-112971456 -82321863
925362441 -693217538
-57397473 669855949
-757457662 -369891676
-442341105 469379595
4268000 -62592600
802073770 -662489847
-137024188 -3644286
951236279 673130158
473949876 -193252422
30394728 -32272416
145108701 402635745
82038349 137090987
170098374 -119492881
482980295 701722769
91746125 13982268
-387568830 -421097009
661279442 998245697
180026086 568606659
-367449360 -38920440
-35927269 -834341226
-966660078 -756517284
963213246 -445532697
-190688516 290660688
-461249579 759166597
-385453951 520945517
-653377141 837084868
-145450355 835575029
15327064 482442870
-969340927 828056683
-285925236 658029886
-411079266 508242432
253824327 -218750103
-718020989 650310489
78994342 -118425230
364938487 625380527
-844689850 577266477
-406319637 -686901513
-77668053 -250882988
220885819 661134969
-241632828 -58071452
504755925 276811936
-232175000 -181170130
-63204398 -3730732
-412021862 424983443
-266171065 -326664345
-378337040 -116921240
317489904 -644699133
39085640 -22922284
-49196640 43810224
-341499782 791545196
471489574 -27738586
-99789270 65643165
239593262 62086845
