6000 5064
275 3500 5108
-663 -1 -1
-956 -1 -1
388 1063 -1
-244 3630 -1
333 4742 5905
675 2386 -1
802 5515 -1
-440 1739 -1
-316 4099 -1
540 1884 -1
34 5244 1062
423 5847 5308
185 3680 -1
-495 1300 -1
-996 -1 -1
397 -1 -1
-585 4290 5402
726 4244 169
-637 -1 -1
443 5134 1053
-643 1471 3823
195 2808 5281
-484 4049 2865
775 895 243
-398 -1 -1
-357 1336 139
-388 -1 -1
111 5710 2015
-193 490 -1
691 4354 -1
-889 4416 149
-992 -1 -1
869 -1 -1
515 -1 -1
374 -1 -1
-316 174 3456
-662 -1 -1
-900 1611 2681
216 -1 -1
51 -1 -1
-715 5649 2820
1000 -1 -1
776 4800 155
49 5598 1372
-763 2468 -1
-570 -1 -1
612 -1 -1
981 -1 -1
502 -1 -1
513 -1 -1
-182 4572 5206
1000 -1 -1
194 -1 -1
-593 -1 -1
345 -1 -1
-965 3176 4428
953 4941 -1
-376 5163 1254
-640 -1 -1
-131 4542 355
-366 3086 722
102 1552 -1
291 5065 -1
-541 -1 -1
486 144 5125
342 2545 -1
581 -1 -1
854 1505 -1
-903 3084 -1
-795 5472 -1
-722 5729 -1
174 4481 5517
316 5827 1719
675 1617 5210
-711 621 3598
54 4734 -1
848 5363 -1
-545 3858 4338
-702 -1 -1
-896 3222 3259
561 1916 5922
353 3691 3417
548 436 4480
387 5376 -1
-607 -1 -1
-945 1881 4536
-28 -1 -1
31 -1 -1
615 -1 -1
989 -1 -1
-330 -1 -1
-91 3182 -1
-725 707 4969
307 -1 -1
-554 -1 -1
-346 2787 2708
-265 2101 4737
-563 5313 4130
-704 -1 -1
45 -1 -1
612 2205 5355
-65 5132 -1
-185 4974 -1
588 882 -1
542 -1 -1
-414 1329 3551
-119 2136 2098
412 4479 1424
-386 -1 -1
-674 -1 -1
312 -1 -1
185 4745 -1
-501 -1 -1
533 1009 4959
-904 -1 -1
-50 2512 1117
941 -1 -1
-832 3414 1171
366 4140 3066
507 3789 1696
-830 -1 -1
500 137 5162
543 2836 5249
-780 4369 -1
322 5656 4292
-730 -1 -1
908 -1 -1
70 -1 -1
782 3585 -1
-419 -1 -1
-702 -1 -1
-133 -1 -1
758 5790 751
626 1849 4991
-245 5133 -1
496 5828 122
538 1291 291
-968 -1 -1
-640 -1 -1
-383 -1 -1
-250 4357 5333
-796 -1 -1
49 1727 -1
670 2719 1039
-133 -1 -1
553 -1 -1
-224 -1 -1
295 -1 -1
825 -1 -1
-324 4188 2303
-789 3339 -1
-519 -1 -1
9 461 1433
-519 -1 -1
697 -1 -1
-614 409 2059
470 -1 -1
616 961 2067
956 -1 -1
-423 -1 -1
-585 -1 -1
-723 703 -1
19 1643 4476
37 4321 253
650 -1 -1
773 1500 -1
324 -1 -1
-755 4669 -1
-81 242 -1
-75 -1 -1
106 -1 -1
-743 1290 -1
803 4818 4129
-824 10 3581
988 4727 5031
115 2254 -1
-794 -1 -1
109 -1 -1
-124 4158 4901
-430 4723 2676
-141 1293 5956
383 -1 -1
418 -1 -1
-525 4756 542
-888 2171 2302
207 2258 -1
547 5763 -1
-384 4013 -1
-94 5917 3091
-548 4393 -1
-118 -1 -1
617 -1 -1
158 -1 -1
-705 335 -1
-568 -1 -1
506 3033 2594
-455 2159 -1
94 -1 -1
-434 2327 -1
190 -1 -1
-249 3434 2152
725 415 1905
-576 -1 -1
174 1297 2251
-286 -1 -1
738 4368 -1
-359 2476 -1
-85 1764 5502
429 610 4071
653 887 -1
-155 311 4579
-704 915 885
-456 1011 -1
-372 4344 3367
381 1516 5520
-167 1208 5238
435 2150 -1
599 -1 -1
-742 1163 -1
-203 2521 -1
103 5327 244
442 4743 -1
-131 2650 2720
123 2688 -1
-863 1392 4463
390 -1 -1
-998 4996 3653
946 202 264
-966 2725 2329
269 -1 -1
-10 246 3437
898 1880 -1
-337 -1 -1
153 -1 -1
-787 4189 2886
137 2644 3686
367 5026 -1
849 978 1808
195 -1 -1
-800 -1 -1
512 -1 -1
-250 -1 -1
-635 3324 4006
408 -1 -1
620 -1 -1
-204 3447 3698
-762 2570 3786
557 1929 2783
-681 5112 2209
-720 789 -1
807 5292 -1
389 5911 4682
921 -1 -1
-947 1369 299
694 -1 -1
-700 -1 -1
-320 3054 2173
-238 -1 -1
-239 5954 4724
-978 1484 3869
-115 1517 444
-695 -1 -1
-419 2710 827
485 3031 2079
-518 3149 2010
-230 -1 -1
588 -1 -1
-838 -1 -1
-193 -1 -1
502 5107 5303
-587 3903 3765
-999 1417 -1
482 5677 5062
-88 3785 4157
319 -1 -1
469 1991 -1
-222 -1 -1
881 1492 -1
-397 4985 4630
418 -1 -1
-503 -1 -1
-598 5983 -1
180 -1 -1
503 -1 -1
179 4884 4554
-428 3895 2664
-938 4325 463
856 -1 -1
-731 -1 -1
-87 -1 -1
445 2952 1940
-379 1248 -1
101 3147 1717
-749 2103 -1
-112 5950 -1
673 4183 950
-873 -1 -1
582 3347 1642
-356 2373 1284
-938 3723 3522
-335 836 1374
943 5205 685
-240 3710 931
-657 2851 -1
-884 3273 -1
-921 189 5550
424 938 3888
96 -1 -1
763 -1 -1
397 5730 642
781 36 3002
-944 2314 -1
-63 -1 -1
495 1118 4182
-705 2204 5547
639 -1 -1
-835 -1 -1
-901 2351 3313
397 2804 106
-368 5676 3023
-662 586 3561
819 528 2707
-821 665 1619
-407 -1 -1
-84 726 1609
-674 472 1716
-72 2607 -1
601 -1 -1
-482 646 -1
-903 595 -1
-249 1839 1241
-470 -1 -1
-633 -1 -1
-332 -1 -1
-558 5865 5458
430 779 4640
-228 972 2333
828 3557 525
503 2667 -1
103 2143 -1
-880 2785 4322
-870 -1 -1
-325 600 -1
-518 -1 -1
-341 1277 -1
47 1003 1568
-720 1630 -1
609 -1 -1
-80 4241 5005
-214 -1 -1
605 4173 3361
165 1892 980
-556 -1 -1
62 5523 156
67 -1 -1
-482 4432 -1
-527 2947 1227
378 -1 -1
-353 3183 -1
-377 2153 -1
331 4823 -1
-884 5063 3523
347 3277 2727
44 2968 -1
-279 -1 -1
812 -1 -1
403 2786 -1
-701 3900 -1
996 5473 150
-232 5403 855
49 -1 -1
-354 -1 -1
713 4933 5643
-995 -1 -1
-106 -1 -1
748 -1 -1
353 701 -1
971 -1 -1
649 -1 -1
-17 -1 -1
-387 -1 -1
408 439 1553
432 4934 3508
-66 4721 3476
403 3041 -1
-654 -1 -1
124 1057 1951
152 1698 5753
503 -1 -1
533 4215 5432
-199 274 5150
-935 1209 3106
-886 896 3494
-708 1593 4439
-19 666 108
-735 5159 5714
694 1941 -1
154 3940 -1
-842 449 4221
-506 1050 405
774 5096 210
807 1726 5651
396 4431 -1
3 3849 3035
-432 1287 -1
-862 3110 2018
-205 5562 4965
-526 1789 5098
716 5094 -1
-942 3286 4136
180 1468 2462
52 1213 3090
-806 -1 -1
-751 3410 -1
-974 2905 -1
986 -1 -1
-248 3547 1472
379 -1 -1
636 1745 -1
719 -1 -1
198 4903 2849
550 -1 -1
-406 3403 1677
69 0 1942
854 217 -1
-867 1132 4852
-923 -1 -1
469 1465 177
-535 -1 -1
-918 1636 -1
-704 -1 -1
873 5167 2687
93 419 -1
171 -1 -1
56 -1 -1
126 2134 2453
-446 -1 -1
-572 3244 -1
-80 2741 475
692 -1 -1
-241 -1 -1
-663 2368 458
-427 -1 -1
-146 5326 3214
813 4242 5689
-149 5422 50
-106 9 -1
-915 -1 -1
202 5889 4491
-8 -1 -1
-693 -1 -1
961 -1 -1
626 -1 -1
-151 -1 -1
998 -1 -1
-474 1581 2050
-746 971 -1
-762 -1 -1
-237 1440 1663
-721 -1 -1
640 -1 -1
198 5593 4679
101 -1 -1
-497 270 5364
250 -1 -1
-734 18 4804
514 213 3150
415 -1 -1
392 -1 -1
6 1707 2407
-313 -1 -1
-994 5001 4185
-259 3381 -1
672 406 5164
-701 5777 -1
790 4310 4825
801 4276 1353
-480 67 -1
-779 1152 2709
-408 5003 -1
564 462 153
-306 -1 -1
833 4719 347
261 5057 -1
-859 2702 -1
871 5253 -1
701 1328 1279
886 -1 -1
55 1271 -1
-224 2054 3389
-502 -1 -1
475 5758 -1
170 -1 -1
-159 5896 698
289 2207 3667
667 3608 918
403 -1 -1
371 -1 -1
-988 -1 -1
-464 -1 -1
-77 1534 -1
748 -1 -1
50 3016 4497
-634 -1 -1
932 5566 997
-876 2608 -1
752 3546 -1
-242 4211 -1
522 -1 -1
622 1670 -1
232 4474 3761
-939 4964 1093
-776 5154 -1
98 -1 -1
-168 524 3803
-992 -1 -1
-886 1666 -1
251 3652 1342
310 1327 2649
824 -1 -1
-147 1470 3663
747 3725 -1
-18 45 -1
242 1751 -1
-223 589 2217
-312 2455 1728
423 -1 -1
-170 5663 1631
-454 -1 -1
-885 -1 -1
61 -1 -1
-28 4002 1247
368 -1 -1
-215 1116 -1
446 1821 5670
209 -1 -1
-232 -1 -1
312 1383 3268
718 5072 -1
431 -1 -1
-842 5861 4650
-859 5903 4863
479 5862 5640
-427 -1 -1
-527 3266 2784
811 -1 -1
-72 -1 -1
-902 399 4885
-267 720 -1
-553 3297 1915
182 5478 -1
222 4538 -1
-455 4535 3740
-380 4654 -1
29 -1 -1
452 -1 -1
-623 -1 -1
988 647 -1
-611 3061 -1
-482 -1 -1
497 -1 -1
-894 3396 -1
482 -1 -1
-933 -1 -1
308 -1 -1
-363 -1 -1
145 4339 2751
88 5785 5647
-892 2256 -1
-238 1097 -1
307 4070 -1
17 -1 -1
-398 2353 3568
-658 1361 -1
-358 835 -1
374 5971 -1
264 2448 1316
909 -1 -1
-431 4895 -1
-58 -1 -1
-807 4524 2863
476 1896 5631
-131 2575 2907
-1000 4932 4110
977 -1 -1
592 -1 -1
-201 2974 3229
519 -1 -1
-655 4733 5113
-595 1185 -1
539 -1 -1
801 1115 -1
-23 116 4894
-261 -1 -1
993 2243 2573
-382 -1 -1
977 -1 -1
766 3705 -1
-828 -1 -1
493 -1 -1
765 4589 3017
111 -1 -1
412 -1 -1
71 1533 -1
-805 2791 4051
-120 -1 -1
-522 5711 -1
-193 2104 3223
109 4988 1252
-730 2793 5361
16 1523 2229
560 261 4149
-927 4698 1615
208 5682 5630
-297 1311 1370
-420 -1 -1
-502 -1 -1
-560 -1 -1
-555 4379 5932
-27 3570 3923
-500 -1 -1
-525 1487 5015
-400 -1 -1
727 -1 -1
331 -1 -1
876 -1 -1
818 -1 -1
-530 4879 5111
-843 -1 -1
951 2949 -1
896 2989 -1
26 1690 4813
-263 4421 2395
-17 5888 -1
-175 686 292
-537 -1 -1
367 506 5641
-771 -1 -1
702 5312 4652
634 -1 -1
532 1455 3032
33 -1 -1
290 1970 3213
490 -1 -1
86 2022 3614
-636 -1 -1
-821 3340 -1
-712 -1 -1
-543 2615 -1
-944 977 3865
-279 4592 5875
366 619 4628
-342 -1 -1
357 -1 -1
187 3877 -1
-977 -1 -1
734 2893 5142
960 2879 3856
541 -1 -1
-126 5050 1887
619 3965 -1
83 2486 442
778 1812 -1
-651 4186 55
161 2350 4973
-499 593 1575
-810 3788 4834
400 4343 5543
-164 -1 -1
-118 -1 -1
-899 -1 -1
693 5090 2996
-434 4812 -1
991 4088 -1
-318 2349 -1
-760 -1 -1
470 3155 661
-627 4406 1572
-614 2161 659
20 -1 -1
-332 1547 -1
-115 5792 860
510 -1 -1
903 5869 4956
-149 1425 -1
521 -1 -1
-947 5377 3308
-257 -1 -1
-752 4376 2388
-305 3049 3052
628 983 -1
-743 5794 2129
-279 1522 -1
618 3083 -1
-759 -1 -1
-85 5699 2030
322 -1 -1
81 -1 -1
602 -1 -1
-481 84 5489
291 -1 -1
766 3230 1791
-918 -1 -1
-895 1982 1441
-808 5746 1602
-132 2492 5912
550 5371 328
-14 -1 -1
-632 2658 2262
-968 -1 -1
679 -1 -1
-194 -1 -1
-440 -1 -1
-247 3518 -1
582 5667 -1
-583 -1 -1
949 -1 -1
288 5602 -1
214 1856 -1
-768 -1 -1
-620 1219 3846
-548 115 4044
-159 2859 -1
-856 764 -1
231 1229 2004
188 4190 1750
-161 5964 5771
946 806 3210
81 2268 -1
35 2293 -1
-41 536 -1
-102 145 -1
-182 953 193
-142 -1 -1
-589 3953 1212
-504 2538 -1
-565 -1 -1
-159 -1 -1
606 1228 4352
-447 -1 -1
922 334 5353
-505 -1 -1
663 -1 -1
-422 4009 -1
-386 3870 -1
-879 1686 -1
980 -1 -1
-928 -1 -1
505 4707 5011
119 1805 -1
-542 128 -1
647 3659 -1
-851 1368 5910
-734 3751 -1
-433 2292 -1
-672 120 5558
-516 4403 5952
-392 981 -1
873 -1 -1
897 -1 -1
491 5106 -1
-342 -1 -1
713 5169 1127
93 939 695
-745 1895 3220
-728 1024 2025
737 3119 4299
-57 1779 820
743 -1 -1
-789 2267 951
-11 -1 -1
359 3411 -1
-66 5821 -1
867 1945 1968
538 -1 -1
-979 2565 -1
-121 1006 -1
136 952 266
12 3687 2210
-465 -1 -1
20 1058 5285
-849 1084 -1
139 2765 -1
823 2883 -1
470 -1 -1
642 4876 -1
227 -1 -1
-537 -1 -1
-732 -1 -1
-587 -1 -1
-608 -1 -1
649 -1 -1
844 105 -1
-202 467 1658
-750 2818 -1
-823 -1 -1
-114 -1 -1
544 -1 -1
741 3945 1069
-883 2091 3684
-656 5585 4184
437 -1 -1
-348 4103 5020
425 1681 -1
445 -1 -1
-440 381 1360
165 5170 3726
-36 5527 -1
-782 1863 2356
198 3558 2133
221 591 -1
52 -1 -1
-649 1138 1867
-408 -1 -1
-358 -1 -1
269 -1 -1
766 -1 -1
-53 -1 -1
-694 -1 -1
-568 2033 4939
554 5343 -1
-129 -1 -1
-544 3566 1280
828 1453 -1
-190 2308 5607
-772 -1 -1
921 5721 4922
-420 2105 -1
-322 -1 -1
371 2489 4984
76 -1 -1
179 1306 -1
-867 4112 -1
880 -1 -1
-440 -1 -1
-247 -1 -1
920 3492 2855
828 -1 -1
748 883 -1
-394 -1 -1
702 2779 -1
92 -1 -1
13 -1 -1
918 881 -1
384 -1 -1
-732 2848 -1
386 5241 5620
-718 -1 -1
-833 5961 -1
-378 -1 -1
314 -1 -1
-316 -1 -1
-867 -1 -1
-821 5908 -1
-354 3000 -1
916 -1 -1
-301 736 -1
-567 1514 3966
578 1626 -1
-570 947 -1
33 2008 2211
682 -1 -1
-57 4328 5284
865 2809 54
-660 483 4700
-522 4987 -1
98 4750 -1
885 3886 -1
512 2950 -1
-921 5638 1667
-185 175 4705
-420 3609 280
572 1476 5399
606 -1 -1
925 3287 -1
-619 -1 -1
-353 -1 -1
-918 -1 -1
-53 2100 101
910 2597 4772
610 -1 -1
-390 -1 -1
629 2730 -1
7 4300 5354
-96 3792 -1
-376 2240 1886
948 4739 1768
-243 -1 -1
-270 -1 -1
-227 -1 -1
-690 -1 -1
889 4022 -1
-682 2609 3833
-16 -1 -1
522 1571 3997
-31 -1 -1
4 4584 2234
-186 -1 -1
871 -1 -1
326 3847 -1
847 -1 -1
-689 -1 -1
-724 -1 -1
-359 -1 -1
-719 5243 -1
958 -1 -1
-996 4303 5765
663 -1 -1
785 4451 4203
-979 3935 4556
783 1186 2659
-827 -1 -1
-240 4722 2621
549 4263 -1
711 -1 -1
-752 2860 -1
250 1177 4411
237 749 471
-411 5258 804
46 2081 -1
961 4681 64
379 68 3057
-732 4042 4202
473 -1 -1
265 892 2372
-751 3601 -1
-261 -1 -1
200 5191 -1
-18 732 5849
-796 4552 -1
868 2534 3715
-669 4041 4077
180 -1 -1
-875 -1 -1
-983 482 -1
-310 -1 -1
145 1349 3986
465 -1 -1
215 5357 -1
-815 5611 3258
-281 2963 204
-790 -1 -1
692 1864 3460
-265 -1 -1
931 -1 -1
160 -1 -1
-655 -1 -1
809 5759 -1
279 1004 -1
-189 -1 -1
-716 4606 3260
-802 95 1352
161 4386 5982
338 5722 5168
265 2700 5998
-173 5369 -1
-193 3825 1644
869 -1 -1
681 -1 -1
-475 -1 -1
-915 -1 -1
-385 2408 4460
-8 3550 1857
-872 2066 3675
9 3274 -1
597 5880 4446
921 -1 -1
-821 -1 -1
-650 -1 -1
-742 -1 -1
966 -1 -1
85 5660 1164
34 1975 3310
-928 -1 -1
-890 677 985
-329 -1 -1
378 -1 -1
-280 -1 -1
988 5237 3295
58 2802 3572
-736 -1 -1
813 1464 -1
-331 -1 -1
-126 -1 -1
62 -1 -1
-871 417 4861
121 4728 -1
-593 4758 -1
524 -1 -1
297 -1 -1
-813 -1 -1
177 -1 -1
-442 5811 220
-791 -1 -1
-376 4257 4442
884 1878 2270
921 252 -1
33 5984 5427
-502 5818 673
-671 4085 -1
536 1748 5863
517 4878 3794
-169 -1 -1
282 -1 -1
956 2601 -1
355 -1 -1
340 207 -1
296 -1 -1
-9 599 -1
-239 -1 -1
-960 4548 5751
489 1499 -1
-500 5992 -1
-96 1966 2540
248 4004 -1
921 5592 -1
888 2497 3113
164 2590 5530
528 1659 1428
-492 5693 429
616 4131 888
53 2042 5838
-70 4440 364
275 394 3186
601 2713 3513
-912 -1 -1
-364 4931 -1
-107 4930 3796
239 -1 -1
-64 1919 -1
609 1822 2672
432 -1 -1
-189 -1 -1
-6 -1 -1
-308 -1 -1
497 -1 -1
620 2321 3279
-856 -1 -1
755 629 -1
-184 -1 -1
135 -1 -1
-773 3138 2003
103 -1 -1
543 -1 -1
771 -1 -1
955 1286 -1
-488 1697 -1
-443 -1 -1
-140 1102 5490
88 -1 -1
305 5454 967
359 98 489
-173 -1 -1
-658 4953 3583
-81 5032 -1
-678 -1 -1
-557 466 3072
23 3443 3544
69 -1 -1
-38 -1 -1
-788 1731 4291
-78 -1 -1
-14 3683 3956
457 1903 3420
-709 5146 346
-900 1101 -1
-497 1624 -1
-445 3906 -1
-212 2645 2299
-213 479 4582
-962 -1 -1
-54 -1 -1
-50 -1 -1
112 1974 4828
-978 5702 5871
-130 -1 -1
-978 -1 -1
-216 3591 2937
911 -1 -1
-238 3404 1651
912 470 -1
-472 4058 723
109 -1 -1
356 -1 -1
-37 -1 -1
-449 -1 -1
387 2375 -1
-108 5043 4159
-461 -1 -1
-561 3755 4106
-722 -1 -1
-105 2975 3177
-414 -1 -1
881 817 -1
-625 1225 1394
-314 805 -1
814 -1 -1
-739 -1 -1
160 -1 -1
606 5618 2647
683 3167 -1
351 5629 3917
-645 1993 3416
415 -1 -1
173 -1 -1
409 2403 5508
660 -1 -1
769 2739 -1
-649 5251 -1
-587 3108 3784
731 4126 -1
378 -1 -1
121 3482 -1
941 -1 -1
669 -1 -1
342 627 4175
139 -1 -1
642 4557 962
-924 4317 5223
215 5465 -1
578 2806 -1
-86 -1 -1
327 5740 4486
544 -1 -1
206 -1 -1
-518 2554 3695
-411 3194 -1
794 -1 -1
289 5807 -1
942 5839 5348
-796 2188 -1
412 2637 5799
334 1632 -1
-781 3851 -1
255 1153 4851
993 4061 5890
-58 2890 2437
-788 13 -1
-964 4537 558
582 5944 5678
-293 -1 -1
928 -1 -1
646 5494 -1
-137 -1 -1
-632 -1 -1
455 2724 1832
500 5650 -1
-239 -1 -1
-527 3593 -1
197 826 -1
993 -1 -1
158 3129 1416
-543 5887 -1
928 2121 3929
412 -1 -1
277 -1 -1
970 279 12
91 3671 2117
-958 1826 5756
-499 5744 3298
392 4819 -1
501 -1 -1
486 3873 4417
299 -1 -1
584 -1 -1
-210 -1 -1
-981 2266 2973
471 289 -1
-589 866 428
294 -1 -1
-582 3724 4449
347 -1 -1
-253 3024 2181
651 3732 -1
201 1109 654
-615 497 -1
463 4545 1378
-740 -1 -1
-10 5204 944
642 4315 -1
-302 1678 -1
779 -1 -1
993 -1 -1
-805 733 3134
757 -1 -1
7 2748 -1
-459 -1 -1
808 -1 -1
781 5268 -1
-675 -1 -1
687 -1 -1
339 5768 -1
-614 -1 -1
-912 -1 -1
466 -1 -1
-263 -1 -1
-976 -1 -1
133 1803 3444
94 -1 -1
299 2578 4649
368 -1 -1
-153 488 3535
903 5901 2335
552 -1 -1
-656 2852 -1
290 2414 3779
367 2330 -1
166 5180 724
-751 2264 783
-790 2398 -1
638 -1 -1
569 -1 -1
390 1450 2157
-703 -1 -1
-309 2231 -1
613 -1 -1
-999 -1 -1
308 5539 282
-930 2169 4821
326 -1 -1
-17 2569 -1
-969 3768 -1
979 5791 -1
928 5757 -1
969 1711 5418
287 5745 111
140 -1 -1
47 3690 -1
-204 -1 -1
165 233 -1
-299 -1 -1
-634 -1 -1
-663 -1 -1
623 -1 -1
-212 -1 -1
-736 -1 -1
581 5813 771
451 2844 3011
-14 -1 -1
235 -1 -1
-620 263 -1
380 -1 -1
-277 1792 -1
250 3749 2541
775 3496 -1
-672 -1 -1
-123 709 863
251 -1 -1
-284 -1 -1
586 -1 -1
-57 -1 -1
-572 5289 5752
137 4869 3432
-977 3567 3071
585 4444 -1
-861 -1 -1
370 -1 -1
-689 -1 -1
373 3540 -1
-351 -1 -1
-559 1123 2744
882 2782 4757
896 3043 -1
-48 -1 -1
638 -1 -1
162 -1 -1
-262 1654 -1
-346 4580 4646
951 -1 -1
-120 1475 -1
456 2167 -1
565 2577 5452
170 -1 -1
-590 1281 4250
-108 3816 5731
-193 4716 3371
-568 -1 -1
809 4531 4713
913 -1 -1
-575 -1 -1
464 5749 -1
-803 -1 -1
778 484 4938
381 -1 -1
148 -1 -1
576 1161 -1
115 -1 -1
-676 2834 -1
-170 -1 -1
231 4102 -1
-617 4212 2995
-750 -1 -1
-181 4570 838
-789 3104 -1
120 5937 821
723 725 3231
-662 5673 3224
982 -1 -1
-454 -1 -1
-229 -1 -1
-899 5575 -1
-176 -1 -1
-420 -1 -1
92 -1 -1
403 -1 -1
153 -1 -1
464 4179 4803
639 4007 1029
843 -1 -1
-514 -1 -1
-327 3989 1410
119 4611 168
-591 4135 2754
108 -1 -1
-941 163 2898
-758 -1 -1
-774 3894 4527
-644 5087 4904
-177 3433 -1
-779 1845 4767
543 1367 -1
-360 -1 -1
-896 4955 5603
931 1452 -1
408 2990 5437
293 5250 4384
394 3126 -1
270 5060 4764
368 -1 -1
-49 2381 639
-2 1045 -1
212 5837 5415
-487 367 -1
222 2896 -1
-270 2656 4530
462 4169 4033
857 5024 5965
711 -1 -1
-958 4226 1397
595 -1 -1
85 5109 -1
636 2445 -1
241 4124 -1
-853 2872 1249
-829 -1 -1
554 1412 2639
-378 -1 -1
-741 5796 -1
204 4330 4661
57 -1 -1
-576 -1 -1
401 2305 -1
788 2011 4558
-737 5340 1026
-145 -1 -1
155 4427 -1
-520 41 4370
953 2261 4563
455 5323 1098
-177 -1 -1
728 -1 -1
-336 3239 4485
45 -1 -1
-363 3998 4603
-290 3791 -1
-840 5870 5707
879 -1 -1
-129 1199 1911
4 5526 56
790 351 2926
232 1597 -1
-636 -1 -1
952 1434 -1
-140 2994 -1
996 344 -1
-121 -1 -1
160 1949 4619
893 5209 1926
-794 3702 -1
634 -1 -1
-990 942 -1
-702 2884 3790
717 273 2582
41 -1 -1
477 2120 -1
554 -1 -1
313 2757 5704
741 4415 -1
-503 5246 5866
-738 -1 -1
-148 4265 3618
151 1 -1
-838 3045 -1
-345 2591 371
973 3975 2585
565 4043 -1
-665 1741 -1
-744 434 -1
-979 -1 -1
-600 -1 -1
262 -1 -1
-8 -1 -1
-699 5093 -1
290 -1 -1
-817 -1 -1
234 -1 -1
329 3280 1988
-679 3957 3650
-75 5613 3908
-572 3332 -1
-61 563 -1
310 2315 2682
922 4305 -1
398 1504 -1
-808 5926 664
-996 3392 2080
305 -1 -1
818 936 3569
427 2629 -1
970 1269 -1
-834 4274 3627
-319 1014 1969
691 -1 -1
475 5806 1090
-468 3709 -1
-916 1292 -1
635 4709 776
-40 3289 5817
-200 -1 -1
657 -1 -1
-386 -1 -1
397 5522 250
615 1234 -1
-605 4927 4774
964 2118 2616
628 2506 -1
-396 -1 -1
-812 4877 4844
-433 4873 4833
520 2962 -1
-757 1064 3905
915 -1 -1
-789 -1 -1
-389 3730 -1
-96 588 -1
831 -1 -1
-264 -1 -1
475 2864 2244
-124 4408 -1
-892 1613 -1
983 4107 -1
801 626 -1
-198 -1 -1
348 -1 -1
-175 -1 -1
317 3978 -1
702 -1 -1
-166 538 2770
-762 3311 3764
658 -1 -1
799 2519 132
-152 -1 -1
636 91 -1
689 1426 4281
623 3012 -1
537 -1 -1
-97 -1 -1
-958 -1 -1
-760 -1 -1
-593 2419 114
413 5975 2109
258 -1 -1
617 2078 -1
-728 2345 -1
204 -1 -1
-786 2191 5198
264 -1 -1
747 999 3930
-829 807 -1
-784 1422 4695
355 -1 -1
611 1399 5879
825 -1 -1
-71 4982 4920
-950 -1 -1
-183 -1 -1
257 2600 3190
284 5342 -1
-766 -1 -1
-141 545 2070
-154 -1 -1
284 3442 -1
908 4769 -1
281 3624 -1
-71 2717 -1
316 1661 2498
306 330 2774
72 969 -1
-54 2866 4483
60 4219 1044
743 -1 -1
413 3157 2285
157 3431 5459
491 -1 -1
-960 398 1816
-205 2435 -1
993 -1 -1
76 4508 -1
670 5267 1182
735 352 3693
-815 -1 -1
-552 -1 -1
-958 -1 -1
417 864 4113
945 1282 -1
166 4323 2847
-444 5010 339
1 -1 -1
218 -1 -1
-740 -1 -1
851 2031 -1
49 -1 -1
-953 -1 -1
-114 -1 -1
-185 3037 3509
954 5703 3706
255 -1 -1
668 -1 -1
-929 4270 2339
403 333 5486
789 -1 -1
412 -1 -1
-730 -1 -1
852 -1 -1
297 2291 533
-193 4945 2296
309 1676 2899
242 2196 2646
-751 -1 -1
-296 5141 4607
65 5311 -1
-6 3636 3532
787 3641 4543
-837 -1 -1
-236 -1 -1
685 -1 -1
931 -1 -1
-16 828 -1
125 2935 -1
246 -1 -1
-840 955 1623
-571 1971 -1
774 2684 88
-155 2049 674
748 -1 -1
-929 -1 -1
31 5334 4400
-362 -1 -1
514 2693 192
-678 5588 2325
891 1239 -1
-60 5314 -1
277 -1 -1
-249 -1 -1
851 -1 -1
-136 4744 -1
557 -1 -1
-867 -1 -1
73 505 1902
-990 -1 -1
471 1551 3774
-942 4046 4807
-24 1348 -1
883 1545 -1
730 1616 2633
574 5225 -1
-103 4761 -1
663 -1 -1
902 1544 -1
-43 -1 -1
918 -1 -1
688 -1 -1
364 4872 354
-919 3931 -1
116 5171 1761
131 -1 -1
-498 5552 -1
-445 -1 -1
-344 2392 -1
-839 -1 -1
-105 1467 -1
39 1262 5531
-456 693 -1
709 -1 -1
926 1802 -1
556 -1 -1
479 -1 -1
-564 5715 -1
866 315 5978
232 -1 -1
-7 2833 -1
479 4641 -1
399 -1 -1
477 459 4736
-223 5823 3122
959 -1 -1
-276 -1 -1
340 5801 -1
-580 1519 -1
-894 -1 -1
53 5627 5921
-993 3874 5736
994 -1 -1
-767 2548 2276
-259 2355 -1
-399 3817 5624
519 -1 -1
-677 -1 -1
-216 -1 -1
-281 -1 -1
-229 -1 -1
-562 -1 -1
-989 3739 5570
-118 -1 -1
-657 -1 -1
611 -1 -1
-671 1956 4526
-865 -1 -1
-924 -1 -1
931 1501 1437
378 -1 -1
405 5918 -1
84 2518 2988
-526 4678 2655
185 -1 -1
-444 -1 -1
850 1178 -1
-35 1556 -1
-143 1023 830
860 544 -1
369 2789 3097
528 1404 -1
727 2195 5324
431 2000 -1
-486 850 -1
217 1462 -1
356 4076 -1
930 2978 1795
703 1935 5445
91 5099 -1
-365 3206 -1
-874 -1 -1
-211 3521 2857
-28 -1 -1
636 -1 -1
-483 4456 5395
-742 3449 2620
-10 4725 4445
360 801 134
-471 -1 -1
-814 3548 190
451 572 -1
-751 -1 -1
986 -1 -1
557 23 1850
-789 -1 -1
-92 4030 499
-704 570 1714
652 -1 -1
908 -1 -1
638 -1 -1
454 -1 -1
-543 4154 1406
514 4153 -1
-144 2331 -1
-218 3386 1218
-195 4782 1408
112 3376 -1
-439 5394 5727
18 4616 750
-456 5255 2316
475 3348 4883
632 -1 -1
-339 -1 -1
-575 -1 -1
-957 -1 -1
-571 2495 4929
951 3013 -1
677 383 5537
66 4644 -1
-739 320 3489
848 4228 1203
24 5576 -1
117 3472 5226
-382 3450 2895
748 1604 1838
655 -1 -1
-539 -1 -1
107 3862 2759
970 3560 3275
-652 287 -1
220 4082 3552
-891 -1 -1
979 -1 -1
461 1599 5208
-630 5897 3855
-808 2185 1222
-827 5012 4048
971 59 -1
-432 4162 -1
955 4398 5463
340 5307 -1
-4 4312 -1
-131 2190 -1
126 -1 -1
246 813 5834
-525 5674 -1
899 5535 -1
-719 -1 -1
-774 -1 -1
476 2034 632
460 -1 -1
-268 3474 5878
376 1432 3276
134 -1 -1
831 3329 1038
-308 -1 -1
-480 -1 -1
-598 -1 -1
-499 -1 -1
405 4168 3121
-458 4285 -1
-137 5101 4014
411 3430 5717
81 -1 -1
-298 5737 -1
-202 5408 -1
-265 -1 -1
386 -1 -1
887 5608 -1
-29 450 -1
-62 5628 -1
-440 -1 -1
669 833 -1
279 -1 -1
269 -1 -1
983 -1 -1
-91 -1 -1
-52 -1 -1
-51 -1 -1
-808 1778 5976
-550 -1 -1
614 -1 -1
881 -1 -1
-715 3964 1620
741 -1 -1
-814 4147 225
-886 -1 -1
-542 5495 3714
379 1607 3754
847 844 3863
-815 -1 -1
658 -1 -1
785 1482 715
-439 -1 -1
-546 4425 5332
-346 5299 -1
582 -1 -1
216 4596 799
377 1207 1055
829 52 -1
227 582 5475
-707 5368 2334
312 4401 295
368 4755 5344
-426 5316 -1
603 4565 2669
692 96 3694
-193 2075 3689
-313 181 963
314 -1 -1
309 2401 -1
-45 3760 -1
-958 5734 396
-617 162 2452
-981 3051 -1
-257 3215 5943
831 -1 -1
-450 3772 2006
420 -1 -1
23 4222 -1
455 -1 -1
657 -1 -1
-713 -1 -1
761 1715 -1
-999 4138 -1
14 104 1403
632 5115 21
-561 85 -1
350 211 74
979 -1 -1
390 -1 -1
600 4888 1567
614 -1 -1
-560 -1 -1
-551 1355 2878
-420 4601 -1
-254 -1 -1
-711 -1 -1
532 4091 4896
943 2474 1144
-824 -1 -1
724 4905 973
829 -1 -1
-140 1054 3107
-664 2641 -1
-553 -1 -1
-425 1103 2060
-736 1494 4506
162 3079 -1
931 3800 -1
-963 2813 -1
-144 257 5448
574 1257 2271
-684 3832 -1
255 4141 -1
33 -1 -1
42 -1 -1
55 2503 5131
-452 -1 -1
-633 -1 -1
550 3039 -1
-513 1040 3281
242 -1 -1
243 272 3355
60 4151 2532
4 4590 5587
471 -1 -1
625 5491 -1
986 -1 -1
885 3102 -1
-878 -1 -1
148 -1 -1
-187 -1 -1
-608 -1 -1
948 2553 99
926 568 3661
-51 -1 -1
533 2932 1712
600 -1 -1
-383 1827 -1
-71 3806 4381
26 4498 5560
270 -1 -1
-813 69 1590
544 -1 -1
860 5595 979
758 4510 -1
-130 2911 -1
-957 -1 -1
946 2340 3402
880 -1 -1
179 1937 4963
516 5928 1925
-7 865 1180
-490 1418 3951
-75 5428 2233
-404 992 -1
-325 1610 3672
670 -1 -1
82 4174 4718
130 1800 4052
-419 908 5525
978 3322 -1
-814 -1 -1
604 2856 -1
223 1157 5405
-325 4108 -1
561 1836 4259
-398 -1 -1
-42 2796 3487
562 -1 -1
152 5652 2501
822 4898 4980
-25 3453 688
500 -1 -1
-348 507 1531
325 5078 -1
-510 -1 -1
-106 -1 -1
-32 -1 -1
901 1924 4778
353 5567 -1
-908 5732 3728
-457 -1 -1
-236 3008 2778
-699 4781 1351
162 1799 3502
945 4273 1274
-33 403 -1
515 -1 -1
-990 3807 3524
5 -1 -1
-857 445 1833
-272 3315 -1
573 119 3592
148 5444 4467
987 2745 -1
-357 -1 -1
150 4673 3926
301 -1 -1
-804 5750 -1
-395 -1 -1
184 -1 -1
-706 -1 -1
208 374 -1
-529 -1 -1
-496 -1 -1
-313 -1 -1
150 700 5449
-301 4711 -1
852 2626 3382
-446 5960 -1
129 940 5091
-388 -1 -1
771 -1 -1
588 1943 -1
-839 1526 -1
609 956 4482
-821 -1 -1
978 5252 -1
-172 5056 5291
447 3882 3379
61 -1 -1
261 3065 1420
-779 567 2542
-87 2456 4854
-850 4320 933
162 2946 3142
180 -1 -1
849 970 -1
-284 -1 -1
639 -1 -1
965 3613 2799
234 -1 -1
889 2811 -1
137 4599 4111
-448 -1 -1
134 3481 3412
612 -1 -1
-370 2440 267
556 4418 -1
-895 -1 -1
-210 -1 -1
571 2137 -1
499 3056 -1
732 3022 1786
-837 1633 3604
-971 5920 3994
-595 5387 256
-28 -1 -1
873 -1 -1
538 5881 4436
486 -1 -1
-13 2459 -1
263 2981 929
830 -1 -1
-240 -1 -1
771 -1 -1
239 5414 -1
-595 -1 -1
408 -1 -1
-308 5360 -1
-434 -1 -1
107 4165 -1
-688 5260 -1
-400 -1 -1
479 3300 -1
231 -1 -1
-23 -1 -1
541 -1 -1
-215 4726 3744
710 3391 2035
-146 4947 -1
-755 4802 -1
608 5883 -1
-453 -1 -1
708 2821 2084
-639 3854 -1
-910 -1 -1
-697 -1 -1
152 2958 3044
-171 5264 4637
1 3968 810
71 -1 -1
-906 4213 -1
-98 -1 -1
-676 3169 -1
-609 3648 5694
-346 -1 -1
926 3588 -1
614 1042 5442
-35 -1 -1
706 -1 -1
811 3584 4128
443 5844 5095
434 2776 2638
-219 1537 2147
302 1016 -1
-850 -1 -1
-17 -1 -1
591 -1 -1
-584 -1 -1
263 -1 -1
578 1034 3479
137 3179 3203
-946 -1 -1
-614 1017 932
909 5581 1964
-84 2728 5435
-834 135 -1
-582 3837 4490
-243 4240 -1
919 824 5898
-60 -1 -1
727 4392 -1
-224 4668 5548
304 2389 -1
966 1283 209
-484 635 2794
-697 -1 -1
-878 2666 -1
-450 559 361
-212 5583 -1
538 3060 -1
-508 5769 4012
225 -1 -1
-661 3356 -1
-936 -1 -1
-574 793 5366
-851 -1 -1
303 -1 -1
793 1235 -1
-703 -1 -1
-162 3050 -1
-209 5868 1192
451 5079 -1
93 -1 -1
755 3046 4496
973 2424 -1
732 -1 -1
219 2193 2365
183 -1 -1
881 2357 -1
-501 4198 1760
425 2227 4018
332 -1 -1
270 2965 4662
728 -1 -1
263 3589 5004
438 4092 -1
-890 2546 -1
397 -1 -1
348 -1 -1
-700 -1 -1
946 -1 -1
416 -1 -1
-5 17 2387
-172 -1 -1
-904 5773 770
-553 -1 -1
-59 -1 -1
466 658 727
-695 -1 -1
-142 5410 4914
37 1759 3822
838 -1 -1
746 3216 269
148 4104 -1
-422 5396 -1
-128 5591 3835
179 899 -1
26 -1 -1
-208 1754 1331
-881 2583 -1
-171 5479 517
-985 -1 -1
-876 4912 1854
793 -1 -1
803 -1 -1
-678 -1 -1
-320 5886 1535
-893 4180 -1
-681 -1 -1
-241 5347 -1
-208 1596 -1
-328 323 4503
993 5946 809
999 3015 -1
325 2354 640
406 1637 -1
68 4161 -1
41 4571 4206
-588 1210 4072
228 3853 3068
689 4255 -1
771 3655 3014
-243 -1 -1
-992 -1 -1
-655 142 -1
-122 943 3421
-146 -1 -1
-592 3358 -1
-943 5440 2840
901 -1 -1
825 2752 4412
416 -1 -1
815 5420 -1
66 1987 -1
-800 3407 1541
734 2882 1687
-379 -1 -1
689 2915 1147
763 3651 -1
889 -1 -1
-556 2088 3493
-515 5379 -1
639 -1 -1
225 2576 2225
-907 342 5461
-41 -1 -1
-307 5872 4806
-152 4791 182
343 -1 -1
229 5329 -1
721 3639 5488
-225 -1 -1
-10 4056 1725
324 3337 -1
-248 -1 -1
804 1358 5305
-289 4702 -1
-334 634 5460
429 -1 -1
-527 -1 -1
-975 -1 -1
893 147 165
736 -1 -1
198 -1 -1
163 819 -1
465 -1 -1
-178 -1 -1
-558 -1 -1
-507 2151 82
-174 -1 -1
-893 -1 -1
721 -1 -1
-919 4301 959
974 -1 -1
270 5679 5469
56 2238 -1
-457 -1 -1
-364 761 262
-850 432 -1
306 -1 -1
761 -1 -1
-766 -1 -1
-565 -1 -1
742 4494 455
-984 -1 -1
287 1539 -1
-634 -1 -1
249 1855 5634
698 1959 -1
746 -1 -1
835 -1 -1
-529 -1 -1
732 3163 3747
674 -1 -1
-905 -1 -1
285 -1 -1
107 1172 -1
-44 -1 -1
-28 5317 -1
287 2885 1506
992 3578 3124
153 3537 5981
-911 523 2269
144 1196 1801
-261 -1 -1
663 583 897
325 4388 -1
313 1188 5500
573 373 3911
607 133 4771
209 -1 -1
-477 1981 1085
275 -1 -1
-498 3967 -1
-527 -1 -1
-978 4319 -1
208 2343 2805
-91 -1 -1
-122 1458 72
508 -1 -1
-203 4065 293
355 -1 -1
-223 1695 1846
-944 -1 -1
775 -1 -1
394 3370 1226
755 -1 -1
821 -1 -1
905 -1 -1
-637 2126 683
954 2499 1264
-370 -1 -1
935 1122 -1
-758 358 -1
-636 -1 -1
192 -1 -1
870 -1 -1
-238 -1 -1
892 3455 -1
-354 -1 -1
78 -1 -1
772 3099 2891
-157 5681 2737
475 -1 -1
-876 -1 -1
352 -1 -1
-585 411 1151
-714 -1 -1
368 1340 -1
-248 1927 1334
111 -1 -1
-814 5330 -1
-47 245 -1
756 -1 -1
569 1625 5411
652 2415 702
-406 4521 3354
933 -1 -1
-717 3887 -1
-547 -1 -1
704 203 3738
-3 4468 3422
178 4248 -1
-110 -1 -1
-384 948 790
-856 5271 2182
-575 4843 3836
395 -1 -1
315 -1 -1
-885 2089 3775
901 -1 -1
-186 5149 -1
361 5748 1303
790 1618 3304
-636 -1 -1
996 3405 6
-217 2648 4816
455 1128 3658
521 -1 -1
-304 -1 -1
731 2007 1075
-773 2430 -1
383 4311 -1
-474 -1 -1
276 927 -1
-357 -1 -1
-182 4706 1944
-368 -1 -1
-934 1973 -1
-988 3352 5938
261 5540 1594
402 2186 -1
-823 1521 -1
-496 2384 -1
-140 -1 -1
151 1170 1486
174 -1 -1
304 2772 -1
-294 -1 -1
-317 5604 5501
-406 -1 -1
181 1094 -1
-138 -1 -1
-555 3069 1419
760 1429 -1
-1000 -1 -1
-413 -1 -1
-494 -1 -1
-663 3859 574
-743 4977 -1
2 -1 -1
-376 3813 5232
-426 4387 70
154 -1 -1
-120 -1 -1
-570 2614 2877
-308 -1 -1
782 3879 -1
527 -1 -1
909 3146 -1
-441 -1 -1
658 -1 -1
616 4469 -1
801 4855 -1
988 4729 1323
626 -1 -1
99 4893 1763
704 633 775
417 4848 -1
-955 1898 4351
760 -1 -1
-216 -1 -1
86 1591 -1
-306 -1 -1
-593 3372 341
-324 -1 -1
-294 -1 -1
-786 4170 -1
497 3400 1435
-784 -1 -1
-53 487 5724
440 5700 -1
-28 -1 -1
-469 -1 -1
-509 3780 -1
-625 -1 -1
-694 -1 -1
-39 2524 -1
-829 -1 -1
-773 1405 -1
206 -1 -1
-585 4196 1409
-459 2686 3883
-482 2413 -1
-582 854 -1
70 3820 2432
966 -1 -1
782 5645 4447
-148 -1 -1
-774 -1 -1
-705 -1 -1
-589 -1 -1
-288 -1 -1
226 283 -1
761 5076 678
252 -1 -1
822 4625 -1
107 3221 -1
519 2966 -1
-430 1230 -1
-666 -1 -1
105 -1 -1
-12 543 94
736 3538 -1
804 218 -1
794 -1 -1
-372 -1 -1
263 130 -1
-548 -1 -1
146 1253 3713
-21 -1 -1
-156 5959 2246
-641 4429 2385
484 331 5793
-689 496 2987
604 -1 -1
30 2956 -1
-654 5942 -1
-439 -1 -1
-827 -1 -1
-624 157 -1
-118 2491 4555
-866 2971 4424
-233 -1 -1
84 362 1488
-263 310 2099
-503 -1 -1
596 5939 -1
-210 -1 -1
-392 -1 -1
985 502 -1
-837 4874 5957
470 4367 2762
-239 -1 -1
-388 -1 -1
-470 1906 2627
-451 -1 -1
-69 1520 -1
43 -1 -1
-237 -1 -1
-467 -1 -1
-974 2036 290
-118 3212 788
498 -1 -1
-834 43 4062
992 -1 -1
896 522 -1
708 5860 3985
-46 4999 2807
-633 4691 3305
518 -1 -1
807 731 5227
-596 258 596
525 -1 -1
-483 3145 -1
194 2598 5374
-957 5196 -1
-153 2336 -1
606 4648 5110
509 5553 710
22 2278 422
266 -1 -1
205 4252 2698
-232 3235 5157
593 4472 3070
18 3580 4849
-787 5854 426
-776 3815 -1
-306 -1 -1
339 -1 -1
946 -1 -1
470 808 -1
-79 3606 -1
-624 -1 -1
-527 4978 -1
512 3058 -1
-165 -1 -1
131 -1 -1
-638 -1 -1
54 -1 -1
-597 5144 -1
-848 -1 -1
552 1079 -1
-640 -1 -1
479 4560 -1
983 -1 -1
-53 -1 -1
945 412 -1
-845 -1 -1
204 4770 -1
-272 -1 -1
-336 -1 -1
144 2162 5467
-468 2991 5481
66 -1 -1
32 -1 -1
761 -1 -1
-825 5718 -1
-606 4971 -1
922 2275 1337
942 1578 5755
797 300 4302
616 552 3427
721 -1 -1
-191 -1 -1
-89 1173 3802
561 -1 -1
-63 1270 -1
-747 4626 3530
382 2919 -1
756 -1 -1
-516 -1 -1
-729 -1 -1
-301 -1 -1
-732 -1 -1
-849 2172 5351
-196 -1 -1
318 -1 -1
456 -1 -1
-38 34 -1
-99 -1 -1
-369 5277 -1
13 -1 -1
-469 2845 -1
-162 2364 -1
424 -1 -1
-972 4347 1463
-734 237 -1
501 1546 -1
201 3419 -1
-710 5127 -1
175 3928 4171
364 478 1005
-884 2328 1265
187 4253 -1
-980 1012 421
771 -1 -1
614 3299 -1
629 -1 -1
527 5288 -1
886 3019 -1
-323 5039 -1
-884 2309 4684
-616 1888 853
953 1692 811
440 1447 3660
-154 1518 -1
83 2685 3075
835 -1 -1
-63 2842 4458
-34 1242 -1
-261 -1 -1
785 4731 2536
-36 3393 -1
-805 -1 -1
726 2307 549
-963 3228 2464
-303 38 433
-504 -1 -1
-218 1143 -1
495 -1 -1
441 3670 -1
-489 4267 2689
-177 -1 -1
-602 3303 2300
-886 3574 4295
-860 -1 -1
516 5947 2643
-795 4785 -1
-796 2871 -1
85 2184 3812
-931 -1 -1
679 -1 -1
-222 3718 3711
724 -1 -1
397 4998 2797
660 5137 -1
-755 1628 -1
497 4740 -1
-534 498 4997
283 -1 -1
266 3742 -1
316 4452 4232
-128 3821 2520
-734 4664 -1
257 4943 -1
-565 -1 -1
-764 -1 -1
-467 2934 -1
-479 -1 -1
358 -1 -1
-431 5188 1041
544 4262 265
-494 2470 5152
31 -1 -1
963 2277 884
-377 -1 -1
-141 4717 161
-24 -1 -1
-595 3607 5873
-824 5579 1446
502 3377 4924
-495 -1 -1
-316 2040 3130
-368 2265 2986
-608 3700 -1
-682 5054 3397
-245 -1 -1
376 -1 -1
118 5310 281
-173 430 1662
-940 721 4366
-356 -1 -1
-911 4457 -1
100 -1 -1
5 395 2705
-987 -1 -1
-710 -1 -1
435 -1 -1
492 4882 4000
575 5304 1415
252 3575 -1
-438 4753 4156
373 2192 5089
452 -1 -1
-882 4838 2653
729 5659 1215
735 3840 -1
-438 -1 -1
-990 3827 -1
-433 -1 -1
-258 -1 -1
723 656 -1
576 -1 -1
-309 387 5231
-489 5045 5686
-248 1790 -1
-48 1985 1379
-748 -1 -1
836 1536 -1
450 1639 -1
981 4029 -1
-817 3971 -1
-936 3346 4989
-446 4385 -1
-722 -1 -1
-687 -1 -1
-399 1908 5297
363 -1 -1
8 -1 -1
631 5053 2763
520 -1 -1
667 5178 -1
902 5319 757
-860 3507 -1
527 -1 -1
47 4375 1699
372 -1 -1
963 1223 -1
-505 -1 -1
710 5175 127
573 -1 -1
627 780 -1
-425 2439 -1
-974 2617 3174
306 -1 -1
-739 -1 -1
946 5719 605
-607 4409 -1
-453 4671 1563
313 -1 -1
420 -1 -1
957 -1 -1
89 1089 4569
357 3139 2967
683 -1 -1
-758 -1 -1
113 -1 -1
-3 5506 -1
-243 4254 -1
-760 5639 4489
-686 5190 -1
598 1214 3247
568 451 -1
504 3243 -1
-48 4488 994
-952 704 5082
615 5822 655
-911 5884 5747
-495 -1 -1
-980 5632 1527
-645 4144 -1
-444 5309 -1
-723 785 -1
9 4847 -1
679 -1 -1
-356 -1 -1
722 -1 -1
660 -1 -1
950 2102 -1
866 5195 2539
277 4749 -1
161 5563 2722
-442 2901 16
967 2026 -1
331 5187 42
-569 3762 -1
-165 1772 1278
144 2297 -1
897 5183 5867
104 -1 -1
314 4627 -1
987 425 3778
-261 4950 3488
355 -1 -1
-385 2574 -1
546 5302 3185
-74 -1 -1
-33 -1 -1
988 1493 4355
604 -1 -1
-519 -1 -1
-461 -1 -1
-957 1013 -1
-654 2288 -1
713 1922 5450
966 3317 3175
-678 2410 2522
-868 2230 -1
780 -1 -1
564 2835 603
206 -1 -1
715 -1 -1
-74 3587 2668
-245 -1 -1
55 4817 1080
-834 -1 -1
-786 2197 -1
444 -1 -1
553 236 11
827 -1 -1
-138 1489 4875
78 -1 -1
165 2861 5477
-178 3272 611
-688 -1 -1
-5 -1 -1
-625 -1 -1
753 -1 -1
-544 4164 2454
819 3541 2515
614 -1 -1
696 5511 3941
-115 3331 -1
-535 229 534
849 3499 -1
248 2286 -1
979 3141 5245
-390 1986 -1
964 -1 -1
546 1882 -1
-8 -1 -1
-29 1804 -1
653 326 1295
-646 872 -1
-580 5273 2295
-332 -1 -1
-691 1010 -1
-29 -1 -1
938 4214 580
880 4137 4841
430 2683 3245
-311 5701 -1
-963 5521 3534
982 -1 -1
-943 -1 -1
577 -1 -1
628 -1 -1
-888 345 -1
957 1598 -1
872 3027 -1
-749 1555 -1
98 4773 758
260 -1 -1
694 -1 -1
969 5846 3316
-465 3623 -1
-371 -1 -1
956 3006 -1
381 4949 2341
-366 -1 -1
968 -1 -1
316 514 -1
-465 -1 -1
-261 5538 2222
-255 -1 -1
870 3707 604
-368 -1 -1
-602 4645 -1
-528 148 5619
-747 3335 -1
751 3055 930
55 1979 -1
624 -1 -1
-74 5080 2832
869 -1 -1
-911 -1 -1
31 -1 -1
31 641 4216
821 1825 -1
390 -1 -1
2 -1 -1
-92 -1 -1
180 -1 -1
-981 4622 1082
871 -1 -1
-553 2510 4383
663 -1 -1
-336 -1 -1
533 4122 -1
668 4019 1411
-656 -1 -1
-11 4430 -1
-82 -1 -1
-29 -1 -1
392 1211 -1
60 752 249
-166 -1 -1
-570 -1 -1
-256 -1 -1
-45 708 -1
775 993 5688
-964 -1 -1
-824 877 -1
940 2998 -1
449 -1 -1
-179 -1 -1
-649 2469 -1
-536 3516 4251
-997 5859 1732
-673 4353 4356
751 3026 -1
-238 3202 1401
-330 5044 -1
122 1540 2376
-904 -1 -1
-992 2690 4966
-177 2732 3415
-167 5148 -1
985 -1 -1
654 -1 -1
682 -1 -1
296 2056 4629
-214 3200 4001
223 -1 -1
-726 -1 -1
-231 1608 -1
496 5864 -1
-258 1317 786
-968 -1 -1
820 1443 4247
527 3716 2622
563 -1 -1
793 4962 3631
-927 4040 4741
44 2477 5565
-64 -1 -1
-74 4562 2959
637 1900 4053
-393 -1 -1
208 5438 5665
416 464 1917
-736 3776 3981
598 1688 2527
960 -1 -1
115 2675 3384
-725 30 4078
-982 -1 -1
-923 4529 -1
-496 4133 4544
-299 -1 -1
-652 5446 4057
-372 5421 2747
-914 1606 -1
375 -1 -1
-252 -1 -1
987 1357 728
954 -1 -1
473 4402 -1
-821 -1 -1
-390 191 -1
265 2409 -1
182 -1 -1
54 5528 -1
-818 2559 2924
-646 5958 1216
611 -1 -1
-823 -1 -1
516 -1 -1
161 766 3745
344 -1 -1
862 5514 2005
106 -1 -1
-905 -1 -1
486 -1 -1
-753 1244 5987
154 -1 -1
886 4797 -1
-441 2223 -1
-99 4054 -1
962 3029 4559
614 4859 3448
-561 4689 -1
-827 -1 -1
799 4008 3283
406 -1 -1
-467 5416 -1
-950 5211 5468
-131 5993 3573
578 2568 -1
568 3511 284
928 3178 -1
601 -1 -1
-72 3959 2819
-391 -1 -1
721 -1 -1
863 5103 5687
41 -1 -1
-453 -1 -1
-817 3463 1645
843 -1 -1
-589 -1 -1
864 -1 -1
-648 2910 741
-324 -1 -1
-22 1266 509
241 842 -1
-989 2714 -1
-144 -1 -1
671 2215 -1
393 -1 -1
-159 -1 -1
410 -1 -1
-783 2125 -1
44 -1 -1
-332 -1 -1
466 3626 -1
-526 -1 -1
77 -1 -1
-604 5059 -1
912 4201 3505
-439 5193 1776
260 5042 -1
330 2906 3787
-749 2567 2942
-598 -1 -1
-211 -1 -1
-677 -1 -1
-938 494 -1
991 2738 1548
459 -1 -1
732 5653 -1
-509 3577 -1
671 -1 -1
559 2736 -1
-478 308 -1
-914 -1 -1
935 -1 -1
-146 4712 -1
-1 -1 -1
386 2484 317
246 4809 501
396 5916 3731
-321 -1 -1
413 -1 -1
-44 1095 4382
-903 551 465
-140 -1 -1
740 4864 -1
-546 1972 -1
225 -1 -1
-313 3830 -1
351 -1 -1
457 2431 2814
245 25 -1
-473 823 2214
-861 1831 -1
276 1960 -1
336 -1 -1
584 2249 5228
844 1784 4677
-790 179 -1
-702 4954 107
-893 -1 -1
884 -1 -1
-16 -1 -1
-100 -1 -1
-82 -1 -1
-254 -1 -1
563 437 -1
-711 5114 -1
-889 239 3510
182 382 3261
-856 3151 1771
-638 -1 -1
-960 840 2841
-508 -1 -1
561 1691 5564
-668 2418 1909
64 468 -1
316 4697 3225
217 3236 -1
-811 -1 -1
124 1737 413
-914 5775 -1
868 2954 3596
-742 2073 3743
-305 3137 5706
393 -1 -1
859 447 602
280 1380 1371
-45 4909 1001
-357 5325 -1
864 -1 -1
-318 3615 -1
-401 4249 5782
-703 3913 -1
377 2921 -1
542 2347 -1
434 2858 -1
-426 -1 -1
-753 5819 3345
-485 -1 -1
-759 -1 -1
-677 5533 5815
161 624 -1
647 5582 -1
-473 -1 -1
378 834 -1
154 3263 1946
228 4514 3491
-466 -1 -1
642 2810 -1
-132 3514 -1
293 -1 -1
401 1140 4891
253 1189 4748
-102 1879 1657
-42 -1 -1
-59 3131 -1
862 631 4957
545 -1 -1
-645 3115 1770
-564 1614 205
-695 -1 -1
-346 206 -1
107 -1 -1
-847 -1 -1
-188 5578 -1
-68 -1 -1
975 -1 -1
229 -1 -1
-497 -1 -1
-180 -1 -1
834 -1 -1
21 -1 -1
-804 1032 -1
552 1932 4197
-308 1693 460
8 -1 -1
599 -1 -1
41 578 -1
-52 4121 550
994 3270 14
-390 -1 -1
943 2417 -1
412 -1 -1
-479 1483 -1
598 4581 -1
662 1359 -1
-177 -1 -1
-477 546 121
-668 4224 4653
-232 -1 -1
-648 3501 2449
769 -1 -1
-152 4146 -1
473 -1 -1
97 -1 -1
-151 -1 -1
329 5590 2096
939 2458 1146
711 199 5955
-174 4915 5973
-732 -1 -1
849 3729 845
787 1807 -1
-675 2142 172
-755 2160 2803
-564 3009 -1
-846 -1 -1
-217 5764 743
180 3003 1873
477 1931 2624
-797 -1 -1
-730 3301 -1
713 573 1897
-55 -1 -1
-777 5352 -1
-16 1110 4363
471 5919 -1
-938 3708 5365
-692 -1 -1
-24 3181 2298
-443 402 275
582 2516 -1
-92 3199 129
-107 -1 -1
813 -1 -1
557 5320 -1
274 4639 2749
-49 3073 -1
679 1509 1480
-535 -1 -1
529 3365 4413
629 2985 -1
567 5774 2294
-301 -1 -1
949 916 -1
-472 -1 -1
957 3148 -1
953 -1 -1
459 -1 -1
370 2502 4237
682 -1 -1
-301 -1 -1
-232 2422 2983
-253 3512 2442
574 4597 3401
-765 -1 -1
831 4979 188
-520 -1 -1
-194 1649 1543
-445 3098 2764
-689 -1 -1
867 4345 -1
138 -1 -1
60 4880 3645
795 1756 -1
315 -1 -1
-511 1338 -1
304 1515 1954
-799 336 3144
-807 2043 5013
-20 3156 5048
805 -1 -1
-184 -1 -1
85 3193 -1
-348 3753 2108
813 548 186
403 1679 4801
-51 1995 -1
256 1008 -1
-821 4396 3699
-718 -1 -1
384 -1 -1
-452 -1 -1
555 -1 -1
-169 4335 3001
-818 -1 -1
-659 1043 -1
-7 -1 -1
894 -1 -1
487 4967 4063
833 -1 -1
889 5882 3184
325 3383 -1
253 1758 -1
610 1322 5386
742 4060 -1
-120 4027 5816
790 2183 3701
368 -1 -1
321 -1 -1
811 2936 1460
701 3643 -1
717 1588 -1
-252 314 1621
300 1179 -1
-866 -1 -1
-79 1570 2425
665 -1 -1
35 -1 -1
138 -1 -1
-398 5685 -1
-112 4992 3920
522 -1 -1
-502 -1 -1
932 1072 -1
666 2917 -1
620 5962 112
-861 -1 -1
-747 692 4364
608 4688 100
-14 5270 5505
-145 5275 141
-861 -1 -1
982 5021 4021
-724 560 -1
333 5742 1389
880 -1 -1
-218 -1 -1
-663 949 -1
645 -1 -1
866 2313 3208
507 5216 3162
451 -1 -1
329 -1 -1
-211 -1 -1
-272 -1 -1
-637 587 1481
323 -1 -1
-232 -1 -1
82 1167 3219
58 5429 5262
-622 5389 235
395 -1 -1
66 -1 -1
-884 3495 -1
867 -1 -1
-650 -1 -1
-231 -1 -1
-168 3579 -1
-366 4792 1071
98 -1 -1
-20 1276 4826
-443 -1 -1
988 3678 435
-409 -1 -1
581 349 652
155 -1 -1
-360 5725 2283
-168 -1 -1
146 4142 -1
210 1877 5404
-940 -1 -1
146 4358 4390
619 2490 35
-449 -1 -1
-307 4087 5709
-943 -1 -1
-230 3473 2843
644 697 -1
-201 -1 -1
574 378 5845
974 2537 3188
-457 -1 -1
-234 5534 889
167 -1 -1
-387 1258 1574
-278 1162 2853
767 -1 -1
904 2549 2282
-236 739 102
75 4820 1809
419 5830 5322
602 -1 -1
80 4177 5635
-955 891 -1
-112 -1 -1
-827 -1 -1
533 4304 5923
-245 5825 3934
-209 3425 -1
-120 -1 -1
99 -1 -1
743 -1 -1
131 3030 -1
349 -1 -1
-525 -1 -1
-536 -1 -1
543 3374 -1
-110 -1 -1
677 1150 -1
-453 -1 -1
-733 3314 3005
-560 2348 606
260 1580 -1
705 2822 159
893 -1 -1
855 1934 234
-695 2758 2021
596 -1 -1
-174 4448 2128
551 -1 -1
804 511 -1
-329 3958 -1
852 -1 -1
687 -1 -1
-255 -1 -1
-415 -1 -1
-225 2909 5907
-654 -1 -1
-389 2777 -1
-682 2584 -1
-721 4942 123
-784 5282 4391
937 -1 -1
-248 375 2494
-592 -1 -1
-392 -1 -1
337 -1 -1
222 681 5605
-262 1174 4123
-304 2826 740
-361 -1 -1
-519 4621 4297
300 -1 -1
-894 -1 -1
-679 4127 935
-37 -1 -1
-83 1388 -1
-919 384 -1
125 -1 -1
-124 2228 2496
-697 1393 -1
824 -1 -1
508 -1 -1
-310 -1 -1
-483 5683 -1
941 1706 5616
-466 -1 -1
-819 5433 4404
-15 420 -1
444 -1 -1
154 1682 2396
731 5384 3947
687 3843 957
432 1730 1646
456 -1 -1
-319 4551 3777
536 4278 89
-52 2788 4194
-274 -1 -1
-322 -1 -1
503 -1 -1
939 763 5298
-615 -1 -1
759 -1 -1
-357 -1 -1
-389 3293 5559
-159 -1 -1
-394 1769 401
-121 -1 -1
-999 4293 -1
670 4484 301
35 -1 -1
60 5842 -1
-185 254 -1
-777 -1 -1
320 3262 -1
-847 -1 -1
596 1818 1007
680 4073 -1
908 4907 -1
-529 3646 -1
-502 3423 2252
19 110 -1
-780 212 3515
-687 1921 348
762 3543 4735
-644 798 -1
617 4783 3625
-599 5121 2514
-82 5877 4832
60 4784 1386
-791 2595 2870
-775 -1 -1
934 1076 2704
-119 4658 2992
191 -1 -1
711 2618 -1
827 730 75
980 -1 -1
499 -1 -1
-463 -1 -1
-157 1507 -1
-709 2304 4889
-137 -1 -1
991 1722 -1
-800 5073 -1
771 -1 -1
-576 4593 -1
56 2284 1232
228 -1 -1
803 4951 5967
935 3464 3159
-176 -1 -1
-369 2552 -1
879 1998 -1
65 -1 -1
225 3359 306
736 4787 -1
143 3128 2970
-648 -1 -1
-62 2561 -1
998 3990 3679
-628 746 -1
-785 2756 5212
995 1318 4786
882 4701 2400
-69 -1 -1
-277 -1 -1
9 4919 -1
-410 5810 -1
-303 1871 -1
836 870 3885
-881 2154 875
-167 2887 540
947 -1 -1
625 4865 1344
-447 2654 -1
263 -1 -1
147 4759 594
553 2359 3153
545 -1 -1
661 -1 -1
4 -1 -1
-562 -1 -1
-152 1907 1362
-629 1395 832
-573 -1 -1
-932 -1 -1
-673 -1 -1
-943 1721 -1
173 3946 476
-786 5030 3734
228 822 -1
-953 4266 -1
105 4612 -1
-591 -1 -1
-133 1961 -1
-115 -1 -1
769 5485 -1
-554 5 3617
360 2829 4911
-610 -1 -1
-417 4858 1757
890 3334 1092
-256 4096 5985
-817 -1 -1
212 -1 -1
327 4238 -1
117 -1 -1
-810 -1 -1
784 3205 598
660 -1 -1
772 5788 -1
362 2138 4886
-413 -1 -1
149 5200 -1
-202 4176 -1
669 -1 -1
322 575 -1
793 -1 -1
-796 4635 -1
-340 -1 -1
-566 -1 -1
573 3133 -1
210 520 -1
44 1205 3378
264 -1 -1
-475 1190 5235
-330 -1 -1
835 86 894
936 5705 251
183 -1 -1
350 1363 -1
-567 343 -1
184 1133 -1
54 -1 -1
-677 -1 -1
324 4229 3733
-9 4516 -1
589 1083 -1
-33 5434 -1
779 -1 -1
135 -1 -1
-783 5274 3939
806 -1 -1
-849 2533 -1
-990 3896 4643
-708 1914 -1
882 1121 5335
618 3180 427
-581 1513 -1
819 5994 48
883 2599 83
480 -1 -1
-62 -1 -1
-493 812 -1
-406 -1 -1
290 5924 -1
561 3428 33
-707 5625 2660
-329 -1 -1
73 -1 -1
-698 338 4738
240 5504 5086
980 -1 -1
305 1086 2114
-458 -1 -1
575 2013 -1
-914 4459 -1
-727 5551 -1
-814 2237 -1
-918 4862 2473
-517 3232 -1
884 -1 -1
-851 -1 -1
-121 3360 -1
511 2405 1457
237 5058 -1
-527 -1 -1
533 2287 954
25 -1 -1
857 -1 -1
288 -1 -1
-692 4047 3250
-493 3312 -1
811 -1 -1
-371 4034 5474
-677 4829 109
657 -1 -1
-568 4032 -1
-958 5940 -1
7 3092 187
337 531 -1
-950 -1 -1
641 -1 -1
-788 -1 -1
660 1851 5199
-863 -1 -1
757 -1 -1
339 2093 2404
-253 2322 1436
399 -1 -1
-405 -1 -1
-541 -1 -1
897 1648 3682
854 -1 -1
865 -1 -1
-759 5367 -1
-421 3112 -1
-263 -1 -1
231 5658 -1
815 -1 -1
154 5820 -1
18 3127 -1
-617 4754 1114
814 1729 -1
-49 904 -1
-633 -1 -1
426 3191 -1
331 4501 3375
296 2434 -1
-845 670 87
897 -1 -1
467 2743 -1
895 1735 3290
-31 5848 5779
529 4704 -1
677 2850 -1
-285 -1 -1
793 876 3461
-718 -1 -1
-420 5512 1743
106 -1 -1
-884 996 1923
-944 -1 -1
-370 -1 -1
-266 684 4835
713 -1 -1
683 -1 -1
-626 -1 -1
50 3385 5221
507 614 4434
129 424 3394
-237 537 452
-602 -1 -1
929 -1 -1
509 4775 -1
-760 5843 5066
39 -1 -1
756 4703 5155
-714 -1 -1
-92 3539 -1
58 -1 -1
-250 1733 5138
-778 -1 -1
248 2048 -1
-538 4235 3955
-562 4405 -1
-324 -1 -1
-361 3993 1356
137 -1 -1
217 -1 -1
11 3681 4081
70 -1 -1
-681 1059 815
-683 1793 -1
405 -1 -1
-253 2416 4333
-681 -1 -1
775 -1 -1
-4 3590 376
883 3559 3549
-48 4908 1965
-710 934 -1
-559 -1 -1
-484 -1 -1
417 -1 -1
760 4676 1605
110 3506 -1
-895 -1 -1
680 -1 -1
58 905 719
550 -1 -1
237 -1 -1
421 4282 -1
-763 -1 -1
605 2199 1528
159 -1 -1
-923 2139 2771
-536 47 -1
518 -1 -1
907 921 617
509 3165 5102
-791 -1 -1
774 4217 5900
498 1236 -1
592 651 1660
914 -1 -1
937 1977 1830
535 1275 4223
871 -1 -1
-230 2358 5038
-908 -1 -1
-706 -1 -1
977 1423 63
962 294 4327
574 4532 -1
264 1569 4690
677 4598 -1
1 2769 -1
328 -1 -1
749 3257 379
-88 2176 -1
71 5022 5646
171 3925 -1
-416 3246 848
-172 2306 5279
-56 -1 -1
176 4672 -1
656 -1 -1
-337 -1 -1
916 663 -1
326 -1 -1
-995 3952 3996
272 4613 4578
190 -1 -1
-710 -1 -1
-366 -1 -1
300 -1 -1
213 3350 3976
592 -1 -1
-168 584 1365
738 -1 -1
-192 1829 4568
241 -1 -1
48 2002 1811
-532 -1 -1
-106 -1 -1
-596 5519 4564
-328 672 5192
651 2241 4574
-825 154 -1
282 5931 -1
-137 4921 -1
621 -1 -1
-49 -1 -1
-886 1601 5930
-598 -1 -1
-447 392 3767
150 -1 -1
78 816 -1
-172 2556 769
733 -1 -1
61 5762 2733
524 4143 4659
-443 1049 657
104 2699 2508
-343 -1 -1
983 1160 3087
522 -1 -1
600 3992 -1
-794 5906 4937
720 755 2566
-15 2324 2123
801 -1 -1
954 5214 -1
314 -1 -1
40 3320 3136
45 -1 -1
841 -1 -1
-177 3637 -1
734 3915 2912
-528 5147 859
-215 3048 1918
-25 -1 -1
595 2377 3047
920 1134 4752
608 -1 -1
-438 -1 -1
571 -1 -1
-640 -1 -1
571 -1 -1
-787 1913 3685
-426 -1 -1
-477 1652 -1
349 4647 -1
-564 4900 312
441 1124 37
379 843 -1
-651 -1 -1
-112 1461 3942
-625 -1 -1
498 -1 -1
-615 5160 226
760 576 -1
561 773 453
724 1862 -1
291 3752 3209
-948 1066 3668
217 440 -1
479 -1 -1
-379 -1 -1
-105 2610 4788
985 -1 -1
-848 -1 -1
249 -1 -1
-579 3306 4961
-441 1022 -1
-812 -1 -1
277 4867 -1
135 4634 -1
929 965 -1
983 -1 -1
221 2218 581
990 -1 -1
-431 -1 -1
-314 1309 2421
-819 4860 2485
121 -1 -1
-278 -1 -1
-344 -1 -1
-681 -1 -1
497 5153 5349
112 3475 -1
-646 230 -1
-67 1364 1339
462 -1 -1
-142 -1 -1
427 2317 -1
869 5895 -1
825 -1 -1
859 -1 -1
78 -1 -1
-93 -1 -1
389 3154 288
-985 1387 622
328 1912 3237
-64 -1 -1
888 1305 -1
-760 -1 -1
-592 -1 -1
-1 -1 -1
519 -1 -1
-923 -1 -1
-859 648 -1
183 4517 2027
-806 4623 -1
-246 -1 -1
-623 4815 1130
114 -1 -1
-864 1844 -1
417 389 -1
-507 1564 -1
252 -1 -1
-802 5337 -1
-69 5617 -1
-27 5636 5069
-393 -1 -1
723 5783 5586
866 -1 -1
714 -1 -1
-398 -1 -1
-431 -1 -1
-353 -1 -1
-448 3217 -1
125 2900 -1
506 4272 146
-297 2960 -1
573 -1 -1
-864 2248 3466
622 3089 4541
604 1709 -1
347 -1 -1
557 4365 -1
-597 1444 4583
515 1105 4218
-380 5995 4720
-702 -1 -1
-66 58 3323
-54 -1 -1
-105 5406 -1
-802 -1 -1
158 -1 -1
-667 4708 -1
-303 -1 -1
-168 3117 240
322 3007 -1
97 2465 -1
-928 2457 5692
-893 -1 -1
736 4037 -1
-276 -1 -1
935 5254 -1
186 -1 -1
868 1967 -1
-625 -1 -1
324 5261 1078
682 5492 3309
308 2551 4642
-220 3326 5234
998 -1 -1
-853 1314 -1
-11 -1 -1
118 4528 -1
959 -1 -1
-763 2017 5858
-702 4892 4453
19 3918 -1
172 3445 5447
-168 -1 -1
748 -1 -1
386 -1 -1
-719 -1 -1
-484 4420 46
47 1820 2382
141 5696 852
-336 -1 -1
-105 734 1781
-419 -1 -1
-385 -1 -1
540 2361 -1
933 2168 5174
-51 -1 -1
-959 167 -1
-116 1377 5970
-41 5412 4746
330 5953 -1
-623 5269 5071
770 4923 3459
733 4475 -1
790 4350 -1
-522 -1 -1
825 592 -1
317 -1 -1
-308 -1 -1
-980 1384 -1
944 515 5356
-276 3095 601
493 -1 -1
-518 -1 -1
-359 5041 4397
-155 2124 -1
-399 4316 4097
-501 3111 597
-721 118 4842
945 1841 -1
-723 2673 -1
-399 4513 1448
236 2178 1285
-227 696 5128
530 555 -1
-687 -1 -1
175 3470 -1
-154 5929 -1
449 3362 3555
858 653 -1
760 5381 3226
-354 26 2593
93 4617 473
466 4098 2678
-889 3850 -1
-367 4936 1558
-539 -1 -1
185 2250 2247
-187 5529 -1
391 4086 -1
607 -1 -1
5 2493 5969
395 4275 -1
-871 -1 -1
-926 1840 -1
-817 1067 4515
321 -1 -1
295 -1 -1
955 -1 -1
-814 5331 -1
-942 -1 -1
572 -1 -1
184 -1 -1
884 3143 4655
-306 4020 2038
-463 4114 248
656 716 -1
-715 5439 -1
897 -1 -1
347 -1 -1
691 -1 -1
627 3842 2366
935 -1 -1
563 77 4462
866 -1 -1
-975 1529 831
138 5008 -1
-968 902 4465
456 3927 -1
-987 535 303
964 4016 3207
410 3866 5052
-977 3766 5852
-672 -1 -1
-373 -1 -1
674 -1 -1
496 2560 1952
-89 1780 2019
664 454 3264
418 -1 -1
902 2680 4422
320 -1 -1
-31 -1 -1
-796 -1 -1
895 3093 79
813 -1 -1
-560 4710 -1
466 1330 4553
-620 3969 -1
-989 4675 -1
720 3160 3902
662 803 3267
186 -1 -1
-21 -1 -1
493 3018 3458
-68 1454 561
-480 -1 -1
799 2692 -1
-758 4714 -1
456 -1 -1
473 3875 -1
102 2016 2326
892 4518 571
504 753 5829
670 -1 -1
880 4268 -1
-809 -1 -1
864 968 5176
235 5609 5787
-885 1056 4995
214 -1 -1
381 1221 5833
561 5876 -1
-261 2571 1861
24 -1 -1
-397 -1 -1
-978 -1 -1
-905 2045 -1
-692 -1 -1
-806 3441 4204
252 -1 -1
-933 -1 -1
-630 1702 7
105 5177 4522
172 2447 1497
-172 4095 4870
693 -1 -1
-327 862 -1
656 3983 5927
401 1430 -1
-930 -1 -1
-54 -1 -1
50 4115 3826
632 917 1824
-843 -1 -1
28 2257 5671
-29 900 -1
-775 -1 -1
-992 -1 -1
-300 4450 5161
-49 -1 -1
-689 3612 2525
-791 1096 -1
-822 4853 2062
-801 4150 -1
609 3657 1198
80 4410 -1
-506 5831 -1
-874 2800 1289
807 -1 -1
527 2902 1366
-126 4824 2913
134 2948 5456
-800 5601 71
368 485 -1
-795 1061 5350
178 3610 -1
-221 -1 -1
-437 5464 2825
243 4827 3457
203 -1 -1
625 2428 319
693 4068 5510
-463 1166 5120
-765 4286 -1
900 197 -1
-240 861 20
-952 -1 -1
-623 -1 -1
889 -1 -1
729 2236 1767
-864 3436 368
41 -1 -1
-847 4779 2429
388 457 3330
-366 2596 201
-916 1894 -1
-888 -1 -1
652 1939 998
14 2029 -1
-226 -1 -1
-377 1301 -1
-994 -1 -1
780 2127 4507
-733 1165 1550
71 718 -1
704 -1 -1
-222 -1 -1
-421 2755 492
461 2993 2087
-87 989 -1
246 2051 -1
436 4715 1980
173 2914 4017
-856 3962 -1
46 -1 -1
-365 1113 -1
119 5321 4433
638 2148 3256
-247 4094 456
888 5728 -1
-188 1870 -1
348 -1 -1
-823 -1 -1
866 2674 2311
-505 -1 -1
202 2892 1579
-52 -1 -1
-565 2245 -1
653 5074 841
529 -1 -1
972 1673 503
-664 -1 -1
-435 307 2816
-66 5278 5259
346 3096 5483
-572 5287 -1
107 1672 -1
124 4968 4455
-622 -1 -1
-141 3103 5283
32 3490 -1
-799 2868 4546
72 3872 3921
-112 -1 -1
-694 5754 5606
784 880 -1
351 4342 -1
-688 4960 5046
339 3241 4793
377 4117 2174
-150 2115 -1
-8 1345 -1
476 3599 -1
234 2463 -1
785 4798 -1
370 2411 76
24 -1 -1
-169 4504 1169
916 4050 5236
828 -1 -1
249 1557 1577
530 1035 -1
991 -1 -1
657 5397 -1
633 5541 5276
222 -1 -1
-223 -1 -1
970 -1 -1
459 -1 -1
138 3722 -1
701 4389 5573
662 -1 -1
-328 3565 1112
138 -1 -1
-35 3974 2580
711 3520 2145
-556 195 -1
340 -1 -1
612 -1 -1
632 39 -1
-504 5233 -1
-41 8 3252
543 -1 -1
702 756 2657
-906 2715 -1
-914 4005 5507
-85 5242 2711
25 3038 5306
-793 2391 3688
-988 4540 3973
973 1104 1048
-199 -1 -1
663 1810 5902
557 -1 -1
-240 -1 -1
909 3924 -1
841 -1 -1
-587 2579 3633
-869 -1 -1
-108 -1 -1
381 -1 -1
646 -1 -1
-564 5597 -1
147 -1 -1
850 -1 -1
-536 3805 -1
-894 768 760
-159 3861 2263
-488 -1 -1
-294 5498 3388
-702 1664 4751
-369 1891 4561
522 3759 2110
639 410 5033
-981 -1 -1
827 -1 -1
-34 -1 -1
321 -1 -1
-314 -1 -1
-488 2219 -1
732 3042 -1
-410 5019 3594
-158 -1 -1
-697 4298 3867
744 4036 -1
4 4808 -1
112 851 -1
785 3845 1100
28 3642 1350
-330 -1 -1
-527 -1 -1
400 2980 -1
-584 3880 512
809 297 -1
-955 -1 -1
529 -1 -1
-240 90 -1
415 4760 1511
-246 -1 -1
-483 3603 4856
-956 -1 -1
856 3064 1860
824 2543 4148
-880 5328 982
644 1498 -1
151 -1 -1
532 898 -1
974 1081 4694
-782 -1 -1
473 -1 -1
738 2146 -1
-49 -1 -1
909 -1 -1
-881 4981 -1
-719 -1 -1
738 4377 -1
291 5778 2426
48 -1 -1
417 874 -1
-957 -1 -1
706 -1 -1
881 4100 886
253 -1 -1
37 5979 124
-443 -1 -1
425 3059 5544
58 1120 5797
-267 2507 2631
-484 5642 -1
684 2969 912
-7 495 -1
-449 4837 5826
-985 1070 5600
900 2923 -1
855 975 -1
179 2513 3597
990 510 5338
536 5664 675
-541 4975 -1
572 -1 -1
164 5359 -1
260 4620 -1
-678 3933 1107
-971 -1 -1
-647 -1 -1
-555 5029 5874
37 -1 -1
457 -1 -1
-306 -1 -1
41 680 -1
-157 3781 1503
-4 -1 -1
880 3960 5802
67 682 357
-654 1449 5941
-670 564 3446
53 -1 -1
-522 -1 -1
196 391 2253
-340 -1 -1
272 795 -1
-553 184 2881
-479 4373 990
810 -1 -1
717 5286 486
996 -1 -1
913 5589 -1
764 2369 5398
120 -1 -1
741 1566 -1
25 -1 -1
688 -1 -1
470 4685 -1
-562 5290 4839
-338 762 -1
960 5856 -1
-968 164 221
346 2337 -1
-51 5105 2481
-87 3741 2053
-648 873 2555
-835 5182 3586
-154 1135 4588
117 1852 2526
960 901 -1
-990 3736 2163
347 5172 4307
167 4145 3899
748 -1 -1
460 1155 -1
257 -1 -1
745 5083 4897
322 4407 -1
341 5380 302
-867 2726 4899
-183 2619 -1
514 3078 2179
326 1313 3471
294 1592 5166
-743 5401 -1
-770 -1 -1
998 3120 2166
989 -1 -1
-926 3783 -1
531 2505 1538
-542 906 -1
-619 -1 -1
-849 -1 -1
128 4609 2602
632 2706 4031
163 -1 -1
-400 -1 -1
-836 3727 2742
-656 1530 -1
-235 5118 3373
-114 5382 -1
775 -1 -1
780 4512 2691
628 5695 3891
-305 847 2130
178 5509 1622
505 2378 -1
152 -1 -1
808 2085 3249
281 388 -1
306 -1 -1
541 -1 -1
-120 -1 -1
-125 2046 778
640 -1 -1
471 -1 -1
551 3640 4394
661 -1 -1
972 5280 -1
-553 -1 -1
-158 2827 1456
122 -1 -1
-355 -1 -1
934 -1 -1
428 5443 5158
184 5851 -1
898 3841 4079
531 660 4269
30 3919 2677
126 2611 1783
528 4187 -1
726 -1 -1
-388 5892 -1
-718 2531 3325
-595 1794 3278
-498 -1 -1
187 1145 -1
-555 5675 -1
-88 3839 -1
318 2652 -1
922 2041 -1
502 791 -1
-137 -1 -1
603 958 513
770 -1 -1
201 -1 -1
358 3922 -1
-390 -1 -1
-529 -1 -1
245 4575 -1
586 -1 -1
873 -1 -1
-833 2037 -1
392 1933 5857
-891 5680 5002
-687 -1 -1
-412 2065 166
-329 -1 -1
-1000 1019 3798
61 -1 -1
12 -1 -1
950 -1 -1
817 -1 -1
-752 3954 443
-937 914 5034
185 4910 5230
-839 3020 -1
-962 5800 -1
983 -1 -1
-736 565 -1
361 5423 -1
747 3081 1273
214 3527 -1
365 -1 -1
895 -1 -1
812 1376 -1
767 131 5391
-299 2370 911
706 1027 1910
708 -1 -1
427 3692 5392
164 -1 -1
-913 2557 3319
-273 4160 -1
965 5968 1512
681 4372 -1
965 -1 -1
-497 -1 -1
-137 1341 3395
387 1524 1302
533 2837 2679
211 5217 4334
333 -1 -1
-601 -1 -1
146 -1 -1
20 1442 -1
-239 4660 1051
-112 941 1320
627 -1 -1
-865 103 3871
625 185 4195
618 5385 671
-350 2001 1762
-25 1191 -1
-940 5698 -1
-744 -1 -1
443 -1 -1
-506 170 -1
687 -1 -1
-413 -1 -1
848 1074 -1
-27 5760 -1
673 438 928
-703 3844 3036
-567 -1 -1
-754 1858 448
-886 1930 -1
155 5219 -1
112 3811 -1
901 1953 -1
-111 -1 -1
-354 223 332
-818 -1 -1
43 2695 4011
449 3616 2795
297 -1 -1
592 -1 -1
-235 -1 -1
563 4944 -1
420 -1 -1
944 4811 -1
-48 4605 -1
535 -1 -1
-396 3080 -1
-943 -1 -1
1 4822 1899
287 4035 -1
87 748 -1
-143 1650 -1
-740 -1 -1
-315 3662 -1
810 3435 988
-50 5295 869
502 -1 -1
-160 -1 -1
-728 3665 1375
-423 -1 -1
-58 5358 -1
-39 5194 3197
-633 5047 3910
-369 3406 -1
-76 -1 -1
-374 -1 -1
-739 404 4024
564 -1 -1
-932 516 -1
178 -1 -1
872 -1 -1
-348 3804 -1
235 4075 -1
-108 2155 -1
-720 -1 -1
16 2488 4926
-150 3196 -1
915 4326 926
-93 2587 -1
-275 2119 5097
131 -1 -1
209 -1 -1
267 -1 -1
569 2815 -1
-198 -1 -1
-522 -1 -1
559 5809 -1
-400 -1 -1
-868 5301 -1
114 196 4349
147 5224 -1
152 4471 5027
334 -1 -1
376 5265 -1
-64 3987 -1
760 414 4348
-171 5668 -1
-246 -1 -1
789 2012 1201
46 4139 3999
829 -1 -1
-348 4917 4913
-207 -1 -1
-307 3349 4414
862 -1 -1
-252 5739 1231
-3 924 -1
325 2632 -1
-740 5007 5536
-66 5738 1587
-893 -1 -1
755 -1 -1
-74 2951 3961
495 1245 -1
-32 138 -1
-89 -1 -1
810 -1 -1
745 27 -1
703 3563 508
-86 2812 2122
-457 5088 3860
-458 -1 -1
482 4233 5891
-106 -1 -1
-148 -1 -1
-171 -1 -1
858 4567 -1
-88 -1 -1
368 -1 -1
-499 4426 -1
-863 5772 -1
13 5914 3750
-667 -1 -1
-567 5780 -1
163 -1 -1
-963 -1 -1
292 372 -1
111 4454 -1
-946 -1 -1
-672 -1 -1
397 -1 -1
-788 -1 -1
399 5419 1141
-981 4279 1451
-955 2132 3
-392 1576 4125
-734 5997 4118
-676 -1 -1
428 1777 363
-556 825 2482
-140 4120 -1
-291 3503 -1
488 3799 2412
148 360 2703
748 5482 4220
-758 1787 -1
-101 3769 -1
891 5400 4594
104 5417 1889
-309 3288 4638
-598 -1 -1
463 849 706
855 4209 3838
-142 2931 4074
-237 2436 1194
-310 -1 -1
-716 4346 -1
-226 2206 -1
85 4631 5669
-770 -1 -1
-110 556 -1
-363 2612 2869
867 -1 -1
317 -1 -1
-558 -1 -1
763 3893 5345
9 2071 -1
956 -1 -1
-206 -1 -1
-825 -1 -1
-911 2635 4109
867 5556 5554
-440 -1 -1
-154 3758 -1
-575 925 3963
-795 -1 -1
372 2164 1842
929 5372 3452
-681 5016 -1
694 3413 -1
-386 3253 4478
-660 -1 -1
-459 1713 -1
-5 -1 -1
-560 -1 -1
335 477 -1
98 -1 -1
94 5129 -1
222 5626 4990
-541 2651 4028
-399 -1 -1
788 3757 2272
-226 3950 -1
-227 4105 4680
284 3483 4519
-547 1421 -1
880 3677 1052
-305 645 1131
-47 2735 -1
-529 -1 -1
755 2753 -1
-517 -1 -1
-22 4509 271
236 3801 1065
-933 -1 -1
544 73 1187
-923 5186 1612
119 1640 5784
238 4586 -1
119 5341 5542
-963 4155 2798
447 3034 2189
-925 2976 2279
719 3302 5808
-942 2746 92
-966 -1 -1
-388 -1 -1
-826 1156 -1
-582 856 -1
-277 4234 1204
279 158 -1
-19 5453 -1
774 3040 -1
699 -1 -1
-723 -1 -1
758 5436 -1
609 3621 2332
-972 78 714
-309 1255 3517
-512 907 276
501 3904 3357
-236 5935 1668
626 -1 -1
-535 -1 -1
-414 -1 -1
863 -1 -1
-818 2232 4925
96 1031 920
492 -1 -1
622 3462 -1
140 2032 -1
-416 -1 -1
116 5426 5949
-917 -1 -1
-416 2716 1736
-289 5633 -1
-486 3756 2444
-654 1561 -1
731 -1 -1
-483 2063 -1
947 -1 -1
654 4810 4371
991 -1 -1
109 5263 -1
900 -1 -1
394 5824 -1
176 5455 -1
-683 4101 4362
-156 2086 964
357 219 3085
888 5006 -1
447 31 5256
663 5028 2671
909 2483 -1
504 -1 -1
802 -1 -1
-396 -1 -1
167 -1 -1
255 -1 -1
-250 3164 1298
-877 1438 871
618 3063 3533
-701 -1 -1
-580 3171 -1
-66 1390 -1
-159 5989 -1
664 2213 3984
223 5936 3542
916 385 -1
666 2092 690
-936 4271 3010
654 -1 -1
-418 3399 1224
-556 2750 1502
381 -1 -1
843 -1 -1
-991 -1 -1
177 5549 -1
393 4674 668
314 80 527
627 2362 178
-84 -1 -1
-799 2379 3936
758 620 -1
-250 2790 -1
-255 2984 -1
618 -1 -1
-894 4246 62
-71 -1 -1
-769 4850 -1
-654 4045 4309
30 4178 -1
930 4236 -1
978 909 781
872 -1 -1
365 -1 -1
659 -1 -1
-91 -1 -1
370 -1 -1
220 -1 -1
727 1256 2170
-706 2628 -1
96 1469 -1
259 353 -1
-497 4093 4080
-87 -1 -1
-902 4566 1656
-942 3341 2908
-227 2097 4438
-246 -1 -1
-525 -1 -1
756 1755 1272
-242 -1 -1
604 3948 -1
-824 3809 4260
-278 57 -1
1000 737 782
946 1477 -1
398 340 2055
157 -1 -1
-546 -1 -1
847 -1 -1
-183 -1 -1
-468 -1 -1
-464 3525 -1
477 4055 577
916 -1 -1
-873 -1 -1
454 -1 -1
-982 -1 -1
-502 3342 4651
475 4948 5524
533 5203 -1
-655 325 1532
750 2581 4692
-730 5136 4986
-613 3240 5841
850 1989 890
34 -1 -1
-680 4500 5124
-365 4523 -1
990 -1 -1
660 -1 -1
-397 3118 -1
174 -1 -1
-231 3797 -1
794 -1 -1
288 4 -1
-528 -1 -1
-574 858 2273
-757 1997 4994
963 -1 -1
-923 -1 -1
438 846 -1
634 3545 -1
-319 1724 1920
160 3632 3284
-602 1333 3307
-317 -1 -1
81 1217 1701
-796 562 2897
-611 4814 2433
821 3638 -1
419 1675 -1
-256 742 -1
477 4324 1753
971 1015 -1
-324 4831 1641
220 3912 1047
622 4585 -1
-381 -1 -1
546 -1 -1
-900 532 208
-66 -1 -1
-670 -1 -1
-583 -1 -1
-544 1220 -1
-745 2933 3477
-216 1332 3937
677 -1 -1
770 -1 -1
-70 585 -1
-61 -1 -1
-594 995 4231
548 4306 -1
-202 -1 -1
151 4200 2374
2 4805 93
913 -1 -1
-657 2072 1629
256 5925 1703
739 -1 -1
757 5832 1738
740 3440 -1
646 -1 -1
116 -1 -1
260 1046 1775
889 -1 -1
125 -1 -1
889 3669 -1
-503 4732 2460
-31 1193 -1
940 -1 -1
-395 3818 -1
797 4023 -1
343 1685 -1
-69 3187 -1
640 -1 -1
-966 2523 3824
-538 1655 3338
-635 2140 -1
899 -1 -1
938 3793 255
-390 5963 1490
510 324 -1
-784 4192 -1
-26 1859 3571
917 1586 -1
783 -1 -1
-215 4026 3771
363 -1 -1
-849 3109 4163
-887 2634 -1
552 3409 3327
346 1381 5218
-988 1036 -1
216 -1 -1
-417 3152 2740
279 -1 -1
-747 -1 -1
-50 -1 -1
12 -1 -1
-573 113 -1
775 3498 1060
-142 5036 5184
-489 500 -1
-820 -1 -1
181 -1 -1
253 -1 -1
205 2141 143
-115 -1 -1
155 -1 -1
-942 1565 -1
400 -1 -1
-14 322 2945
330 5546 2216
-478 774 974
795 4084 3717
837 2239 -1
616 -1 -1
523 -1 -1
-264 1938 4636
282 1689 3949
404 5684 -1
150 2113 2057
702 -1 -1
-920 1473 -1
677 -1 -1
-108 -1 -1
-214 966 -1
997 -1 -1
-962 4341 1948
-760 -1 -1
-222 -1 -1
538 -1 -1
270 -1 -1
-693 2768 -1
544 4493 -1
327 1466 -1
803 -1 -1
64 913 5388
-437 -1 -1
-483 1158 -1
416 1099 -1
-955 4380 -1
-257 1983 2592
135 -1 -1
742 -1 -1
-577 -1 -1
-8 -1 -1
348 -1 -1
729 2894 -1
399 4795 2694
427 1427 1396
-875 -1 -1
528 4777 -1
252 -1 -1
182 -1 -1
-120 2889 2977
742 15 -1
160 5904 1704
-26 5532 -1
-654 1837 2839
877 -1 -1
-730 987 -1
-146 5119 1183
-352 3195 3892
427 -1 -1
-201 5572 -1
155 -1 -1
344 3562 637
-872 -1 -1
-558 5487 3564
-495 3943 2701
821 1874 2342
-427 -1 -1
-181 -1 -1
-461 2586 -1
-325 -1 -1
637 -1 -1
247 1785 2589
221 5061 -1
-710 4245 247
-270 -1 -1
356 2941 4780
767 5623 5201
541 5795 -1
-358 4015 2393
-217 -1 -1
-942 2563 -1
671 1119 1797
606 -1 -1
604 1796 3242
118 4866 2940
116 51 4993
403 2862 -1
-920 2224 -1
-400 2662 4958
244 3988 1936
660 1125 -1
931 231 1246
-728 -1 -1
908 5100 1996
-359 3368 705
-294 1525 -1
504 5996 2009
485 -1 -1
-825 2156 -1
-176 1068 -1
699 1815 400
920 1243 4699
-318 3795 1000
92 3218 -1
-291 1263 3696
707 176 1834
926 359 5723
471 -1 -1
-309 767 521
-968 -1 -1
-119 2603 519
45 638 1129
-530 -1 -1
113 -1 -1
559 1445 2094
222 -1 -1
-360 2399 -1
-7 -1 -1
88 -1 -1
-295 -1 -1
-337 -1 -1
808 4473 -1
680 -1 -1
-225 923 1653
-6 3834 4378
399 1883 1742
-118 -1 -1
60 4683 -1
-399 -1 -1
-396 3504 -1
-655 1835 4395
124 3353 5621
27 -1 -1
559 2780 -1
97 -1 -1
381 356 -1
-545 5577 878
928 5181 -1
47 1700 3582
950 662 1346
-855 1407 4916
617 5915 2290
-138 1325 408
979 -1 -1
194 -1 -1
-981 1326 1869
8 -1 -1
930 2944 -1
-939 -1 -1
-619 1765 -1
-896 -1 -1
742 40 -1
-329 5569 -1
-700 3429 -1
163 -1 -1
-467 -1 -1
-573 -1 -1
-566 -1 -1
-327 1496 3634
856 5375 5378
-4 -1 -1
487 2663 5068
185 -1 -1
522 -1 -1
-399 4399 2830
126 3465 5836
-341 -1 -1
-895 2383 -1
-453 1126 -1
884 2069 -1
-800 1200 1250
-668 238 -1
-322 -1 -1
-420 5991 5894
718 3265 -1
-838 -1 -1
-4 390 286
-868 -1 -1
-598 976 -1
-375 5051 3172
-650 -1 -1
-135 4796 945
838 4632 -1
-833 -1 -1
111 5503 -1
-221 -1 -1
-837 49 1746
-386 4287 1684
-64 618 -1
-308 3116 5035
971 304 -1
-498 2274 -1
-398 5018 2058
-498 -1 -1
-19 -1 -1
-684 1233 -1
-629 2528 3889
-72 -1 -1
-250 -1 -1
559 -1 -1
-780 -1 -1
762 5934 3100
-545 744 -1
-281 1508 1782
827 745 2061
468 1634 4499
-781 669 -1
873 -1 -1
-940 2625 -1
544 5362 44
35 232 -1
-512 5000 214
112 3094 1680
762 1259 -1
895 4608 -1
971 5622 -1
-350 2318 -1
-841 -1 -1
938 -1 -1
-773 4656 -1
-494 5424 -1
-114 -1 -1
173 5430 4624
-987 5712 2144
963 946 -1
-742 1749 -1
466 -1 -1
101 613 -1
422 1354 2180
-538 -1 -1
325 3291 -1
-642 -1 -1
899 4308 2792
700 -1 -1
650 -1 -1
581 4477 -1
-939 198 -1
-912 -1 -1
528 29 787
-844 -1 -1
-917 -1 -1
594 3656 3227
522 4763 -1
-544 1495 -1
273 418 -1
778 -1 -1
-679 -1 -1
-946 -1 -1
96 3238 -1
569 1976 1304
747 -1 -1
-987 5104 -1
-634 -1 -1
180 5471 -1
-280 1705 3294
-376 1154 2928
-375 -1 -1
561 2918 -1
-905 2472 -1
155 4577 3074
549 32 -1
397 -1 -1
-735 -1 -1
263 -1 -1
979 2116 3484
231 1335 2846
-448 -1 -1
442 1984 2194
-376 -1 -1
103 2880 -1
931 -1 -1
-822 4730 2718
-471 4547 2572
81 2310 5222
522 919 554
514 3025 -1
898 2367 4225
-366 3944 -1
965 3972 3932
911 5571 2606
771 5840 -1
-330 3366 879
804 5893 3173
-21 625 -1
-430 -1 -1
298 2221 -1
78 5637 -1
726 4765 -1
-725 1843 -1
396 3285 -1
-225 -1 -1
715 -1 -1
-8 903 -1
874 4239 5662
579 5615 2824
-525 4881 -1
941 386 365
614 -1 -1
-310 4230 1627
86 1674 1030
-655 3735 -1
992 3554 4025
-641 -1 -1
406 2106 4799
-536 -1 -1
-219 -1 -1
-650 4441 126
693 3644 3611
-905 -1 -1
-934 4360 3390
966 1087 -1
746 2478 -1
-604 -1 -1
-67 5980 -1
317 -1 -1
731 796 1584
-940 2630 -1
-170 -1 -1
118 2721 3114
-725 1647 1195
-80 5202 2479
245 5025 1299
8 5117 2979
618 5116 81
637 -1 -1
594 3233 4331
-134 -1 -1
-377 4614 -1
-766 3201 1562
406 4294 -1
-527 -1 -1
107 -1 -1
-788 1872 2023
907 738 991
753 1385 4191
466 5733 -1
652 -1 -1
889 66 -1
-696 1108 -1
659 3704 -1
91 -1 -1
-104 -1 -1
-737 -1 -1
875 -1 -1
602 3848 1773
-995 -1 -1
277 691 2131
-302 1740 -1
-528 4776 -1
-337 -1 -1
567 -1 -1
469 623 -1
782 -1 -1
608 712 -1
-782 5513 4520
-695 4089 5441
-958 -1 -1
-591 -1 -1
-312 3426 -1
-884 -1 -1
-838 2729 1268
220 4132 1665
-627 3676 -1
665 -1 -1
-371 2226 -1
-698 3123 -1
-768 -1 -1
-910 1021 1766
-293 5413 -1
377 -1 -1
-915 4845 228
792 1994 1542
163 5545 5716
27 1823 3021
517 2443 3819
180 -1 -1
-942 -1 -1
73 526 5999
-315 -1 -1
472 3125 -1
520 5690 4762
-344 3763 -1
813 -1 -1
231 2831 4361
804 2363 -1
-538 3907 -1
-209 1206 1324
969 -1 -1
866 -1 -1
-273 3398 1319
379 4264 3088
-33 -1 -1
-457 4687 5293
-919 -1 -1
-91 -1 -1
-254 2471 -1
-7 5151 -1
181 1788 -1
-56 2095 -1
758 3101 -1
-874 -1 -1
-900 2925 -1
-446 1819 3712
428 -1 -1
494 5383 3649
-494 2775 -1
-838 5974 5770
522 2642 2301
-47 -1 -1
913 -1 -1
-895 5909 -1
828 -1 -1
-875 -1 -1
204 5672 4976
-790 -1 -1
528 3076 3977
182 -1 -1
-751 -1 -1
-653 -1 -1
-919 566 -1
-190 4296 5786
-4 -1 -1
832 318 1091
-941 350 -1
-704 4615 1752
-874 -1 -1
-672 -1 -1
816 1890 -1
183 1240 -1
-199 1947 4902
696 -1 -1
-891 -1 -1
125 22 4277
-685 5476 3938
695 -1 -1
-296 5812 -1
-168 3748 -1
659 -1 -1
-97 3576 3878
-122 -1 -1
-215 -1 -1
-682 3970 1296
-794 1813 397
632 -1 -1
-862 -1 -1
19 -1 -1
729 5140 -1
891 800 2198
-846 5644 4794
627 5139 -1
532 -1 -1
-76 -1 -1
-937 5037 2107
427 3980 818
149 -1 -1
887 3158 5189
-299 794 1197
443 -1 -1
-588 1734 829
-439 3321 5055
-502 2767 -1
-704 2319 -1
-806 -1 -1
680 699 -1
608 4502 2397
333 2903 2014
774 1308 1136
-989 -1 -1
-618 -1 -1
-339 616 2550
614 -1 -1
972 -1 -1
-894 3424 2982
-699 590 3468
235 -1 -1
311 -1 -1
606 5691 3140
689 -1 -1
393 -1 -1
771 1033 -1
755 -1 -1
-11 -1 -1
-493 -1 -1
-846 -1 -1
-961 -1 -1
-652 3451 1294
407 4952 -1
-742 5075 -1
-427 3531 -1
-880 -1 -1
106 5612 3271
-732 2999 -1
-883 -1 -1
776 -1 -1
-402 759 4134
523 5657 -1
765 407 1848
-408 2280 2613
-254 -1 -1
-276 2766 -1
-119 1028 -1
-677 -1 -1
863 -1 -1
-229 4172 3529
245 -1 -1
-374 -1 -1
724 -1 -1
990 -1 -1
-651 -1 -1
593 1310 -1
516 3318 5197
-350 -1 -1
-430 5023 -1
760 -1 -1
-60 1999 689
576 151 2064
113 -1 -1
-508 4670 -1
457 539 3248
727 3876 1798
886 -1 -1
335 -1 -1
-728 1020 4887
933 19 -1
-8 -1 -1
336 216 2242
630 3782 -1
-461 5853 2220
-932 -1 -1
605 4332 -1
-740 4618 729
-776 3746 2535
-800 -1 -1
900 3132 377
-308 1148 3719
-494 2281 4918
611 3387 -1
488 -1 -1
-755 -1 -1
254 5574 -1
-798 4289 1718
924 2177 3635
-470 -1 -1
683 1990 -1
912 -1 -1
-874 4010 2323
-714 -1 -1
-363 3773 -1
232 -1 -1
-328 -1 -1
-198 4983 -1
484 -1 -1
615 -1 -1
130 125 5913
140 2916 -1
-65 5373 -1
-797 3831 -1
-594 -1 -1
330 2451 -1
496 1595 -1
-352 -1 -1
-106 -1 -1
-342 -1 -1
-590 612 667
-539 2781 5336
910 1549 160
483 369 3519
-527 -1 -1
-824 1694 5713
881 3170 2588
961 -1 -1
-166 5213 2697
-688 -1 -1
-897 -1 -1
-395 3664 5247
966 -1 -1
939 3595 986
-112 -1 -1
-790 -1 -1
-814 2390 -1
330 5614 2024
264 -1 -1
-874 1868 2922
640 -1 -1
76 4423 -1
223 5596 3914
-220 -1 -1
-194 -1 -1
-970 -1 -1
-168 4487 -1
-132 5966 -1
586 140 1817
-167 -1 -1
401 4038 2636
715 5318 -1
807 2255 5220
-405 4686 1723
638 -1 -1
-331 2039 -1
-854 2047 -1
-579 -1 -1
-70 910 3897
368 -1 -1
674 -1 -1
-883 2801 -1
-484 431 -1
652 469 -1
-830 5945 802
33 1139 305
752 1261 3254
795 -1 -1
107 -1 -1
-392 227 -1
976 4470 -1
955 -1 -1
770 2380 5346
688 -1 -1
737 3620 -1
80 754 2203
-543 -1 -1
-896 3979 4064
698 -1 -1
349 309 -1
254 -1 -1
-464 5803 5493
-859 2939 4329
-877 -1 -1
-278 -1 -1
726 1168 5568
240 5986 3619
-783 -1 -1
5 4972 4461
785 -1 -1
224 1603 -1
893 4167 -1
284 2927 3486
535 2074 -1
-378 3438 3528
93 480 3077
297 1806 4435
39 3251 3198
978 -1 -1
753 784 4495
918 3909 -1
-58 3469 -1
-196 316 5557
-730 -1 -1
115 -1 -1
-253 -1 -1
967 -1 -1
-993 4419 -1
40 814 -1
197 -1 -1
533 -1 -1
-107 -1 -1
-105 2044 -1
-677 -1 -1
-230 1037 5741
-442 -1 -1
716 3647 3135
78 -1 -1
-779 474 5948
-462 1866 3982
660 1202 -1
-941 2972 5451
314 -1 -1
230 -1 -1
129 2500 4533
964 -1 -1
623 -1 -1
888 1184 1137
-781 329 2696
-200 2475 491
-130 4663 4747
974 5789 -1
-780 268 -1
-465 -1 -1
-464 1669 -1
423 5990 4066
428 2938 3810
742 -1 -1
723 4337 259
469 2823 3737
514 -1 -1
544 2558 643
669 2259 -1
900 3028 2530
113 4258 -1
-688 5085 3363
-640 1876 -1
-768 -1 -1
86 5798 -1
866 -1 -1
-652 5126 -1
-346 4243 -1
-515 1315 5972
-313 5899 5315
668 -1 -1
580 1176 2165
-942 1485 -1
-390 1402 2467
-287 4693 -1
-547 1142 -1
114 4318 1267
-624 2 5145
-584 -1 -1
743 3852 -1
-517 2312 4539
-533 1744 -1
3 -1 -1
19 -1 -1
67 -1 -1
134 5122 636
-972 4550 529
514 3828 1589
-349 3703 3628
178 -1 -1
-134 446 607
-650 -1 -1
-253 2562 -1
-584 4199 -1
299 -1 -1
-822 1474 1635
361 -1 -1
956 3328 3053
558 1343 -1
-548 -1 -1
120 -1 -1
119 3497 1237
295 3697 2943
-543 2640 1088
684 173 3004
-348 -1 -1
275 4314 -1
-334 -1 -1
-86 -1 -1
-14 3868 -1
8 28 5720
581 -1 -1
-637 -1 -1
-238 416 -1
86 -1 -1
-715 380 2077
-906 -1 -1
379 -1 -1
300 -1 -1
-909 -1 -1
-211 -1 -1
317 -1 -1
-937 2828 4768
711 -1 -1
341 4152 3343
620 4846 -1
-862 441 5009
227 2867 -1
-269 3814 -1
-745 -1 -1
-854 3082 5207
419 -1 -1
-945 298 -1
649 1260 -1
-564 -1 -1
224 4657 3600
357 4039 -1
-850 -1 -1
-207 2344 -1
689 -1 -1
605 -1 -1
606 -1 -1
-292 -1 -1
-528 65 1382
-438 4210 393
38 -1 -1
704 -1 -1
473 -1 -1
-321 -1 -1
-674 1904 3864
968 2480 3857
38 -1 -1
267 -1 -1
732 -1 -1
569 1885 183
692 -1 -1
-779 -1 -1
541 893 4181
362 -1 -1
-980 -1 -1
-967 5339 5885
-927 -1 -1
537 3629 -1
78 5185 2930
-843 -1 -1
-2 4119 5156
-814 4116 -1
663 -1 -1
160 2260 -1
438 3255 -1
-86 -1 -1
-988 -1 -1
652 -1 -1
-55 1853 1002
190 3666 -1
131 518 2427
577 2564 -1
-770 960 -1
767 2068 -1
25 1175 3898
-787 313 -1
-232 -1 -1
-550 2509 5594
269 5370 -1
950 541 4083
-39 3166 -1
666 -1 -1
-721 1901 630
-419 5767 -1
-709 3344 -1
536 1391 3674
306 2487 3364
-479 3991 -1
855 2076 2760
-723 1077 -1
290 -1 -1
673 1710 1238
-2 2547 984
697 2028 547
-810 -1 -1
-581 2874 5580
21 -1 -1
947 296 4836
-560 2360 504
433 117 -1
-557 -1 -1
-145 5743 -1
-88 -1 -1
621 -1 -1
-997 839 3916
-135 -1 -1
329 2235 5988
-942 -1 -1
334 4359 194
1000 -1 -1
-114 -1 -1
-198 1847 1398
-898 4466 -1
140 2201 3770
886 -1 -1
-365 136 553
-870 -1 -1
-950 -1 -1
-104 5049 2504
642 2854 -1
-987 3351 5480
702 -1 -1
-866 5648 -1
704 -1 -1
308 4090 1413
564 -1 -1
-650 -1 -1
301 -1 -1
-410 5726 -1
566 4790 2920
-499 -1 -1
943 2734 5248
-965 -1 -1
146 -1 -1
-894 -1 -1
868 687 4857
-85 3062 4067
-396 4928 -1
-869 5179 4256
-799 1963 2111
-176 1478 -1
-76 -1 -1
844 -1 -1
-218 -1 -1
724 -1 -1
-713 2723 1491
922 2544 4604
809 5143 5610
-361 321 -1
-226 -1 -1
-25 3189 1439
-959 2623 4205
652 1510 2461
823 2888 -1
-981 5561 3553
430 -1 -1
587 5805 -1
-254 -1 -1
960 2873 2517
-630 -1 -1
-162 -1 -1
-909 5239 -1
464 -1 -1
-4 5300 2406
389 3234 644
812 2202 2135
263 1814 -1
90 5173 4576
-993 -1 -1
-864 4193 4525
-932 5708 -1
-258 -1 -1
320 3192 1638
-149 -1 -1
-996 3536 3995
-843 1928 -1
15 5077 2083
350 -1 -1
433 -1 -1
-735 4059 711
379 -1 -1
-194 1321 -1
268 2175 -1
-402 4935 -1
290 5294 5390
766 -1 -1
327 2020 4595
-740 -1 -1
38 -1 -1
-949 -1 -1
-715 -1 -1
714 5835 1025
451 4261 4313
-428 5776 937
-653 4437 -1
861 -1 -1
759 -1 -1
214 1865 3605
-513 1955 -1
781 3269 2149
176 2082 -1
-991 4890 3211
555 -1 -1
-727 2964 4505
958 -1 -1
-327 4830 -1
864 -1 -1
607 2212 557
-847 1582 -1
-660 -1 -1
-216 2817 -1
182 -1 -1
911 -1 -1
646 -1 -1
590 -1 -1
-355 -1 -1
-467 -1 -1
534 277 -1
-818 5499 -1
11 2112 -1
-897 -1 -1
-912 2200 5092
426 1747 -1
186 5766 2670
419 1671 -1
-941 5555 -1
-575 -1 -1
-505 -1 -1
-467 3408 2997
795 3336 -1
-44 5951 -1
-46 530 -1
345 2904 1251
250 2208 649
-351 676 -1
456 1585 -1
-726 4280 -1
470 -1 -1
579 5084 370
-596 5067 -1
975 -1 -1
-637 -1 -1
100 2187 5257
-987 -1 -1
461 1554 224
764 2511 2876
644 2961 3720
970 4610 -1
-987 -1 -1
94 1992 97
636 5457 -1
156 4789 -1
773 4840 3890
535 5516 608
689 3418 -1
-39 -1 -1
888 -1 -1
761 4207 -1
-997 1573 797
813 5761 -1
976 -1 -1
-465 2665 5017
-264 3369 4602
173 3282 -1
-583 5409 3105
542 2773 1400
105 1893 -1
-999 2712 -1
-513 4284 60
943 -1 -1
-690 837 5165
767 -1 -1
-486 5697 4464
552 -1 -1
-675 1459 713
216 -1 -1
723 -1 -1
300 5497 3721
467 3454 53
465 4696 -1
957 -1 -1
-185 5599 -1
133 171 -1
-452 -1 -1
303 4591 5654
-109 857 -1
316 5215 1950
-231 2529 5466
-221 5977 -1
-234 4573 215
-942 5804 -1
-149 2761 3168
697 -1 -1
-450 5735 4336
146 1708 1373
-223 -1 -1
-996 1073 -1
-719 -1 -1
-47 5040 735
-347 -1 -1
999 -1 -1
828 -1 -1
654 1149 2875
275 -1 -1
-202 2090 5425
-987 2320 1559
820 5081 -1
-619 1288 -1
66 -1 -1
565 922 868
-320 -1 -1
738 -1 -1
-820 -1 -1
-92 3296 -1
771 -1 -1
-351 -1 -1
-576 3808 2838
-213 5393 -1
492 747 -1
920 180 3556
125 -1 -1
-697 4166 5135
767 1978 -1
-278 481 -1
290 4492 -1
-195 152 4871
-951 5130 4600
978 4340 1106
-686 24 337
-746 5855 -1
-23 -1 -1
-962 1958 1957
-657 1875 -1
259 2731 285
-32 -1 -1
-160 -1 -1
-232 -1 -1
841 -1 -1
-477 -1 -1
304 792 278
361 4587 -1
-785 -1 -1
235 -1 -1
-635 1583 2052
225 -1 -1
-808 1018 3067
-532 5850 4946
637 3901 -1
607 260 -1
-601 -1 -1
-477 5407 2441
-225 -1 -1
158 2158 5462
-738 1774 2605
-9 -1 -1
393 -1 -1
39 4283 222
-694 -1 -1
735 2346 -1
-84 -1 -1
-511 -1 -1
-904 -1 -1
-202 -1 -1
755 1479 5266
737 2423 5933
-901 -1 -1
419 -1 -1
-560 1414 -1
141 -1 -1
-508 -1 -1
307 3485 -1
631 -1 -1
-516 1560 3478
429 3467 -1
-863 2953 1159
-608 -1 -1
-189 1720 -1
-462 -1 -1
-451 -1 -1
-447 -1 -1
65 4766 3204
378 5518 -1
561 -1 -1
868 -1 -1
-512 5014 3881
-494 -1 -1
22 3673 4868
-106 5272 4374
782 -1 -1
-652 5296 5814
38 2394 3333
740 1683 717
887 4549 -1
380 2289 2352
206 1307 5496
-484 3480 4288
-443 3380 1181
286 3161 -1
672 -1 -1
540 765 2955
892 3622 -1
694 -1 -1
248 5584 -1
170 -1 -1
866 -1 -1
-49 4665 366
-260 2661 579
578 3526 4069
-803 5240 -1
-312 -1 -1
-144 3439 -1
-730 5431 1347
-981 -1 -1
-453 1962 2929
688 2466 -1
-752 -1 -1
-650 -1 -1
-876 1828 -1
906 4633 3829
481 5655 -1
679 -1 -1
-646 5229 1312
716 423 2450
785 628 5070
629 4208 2604
268 5484 1111
899 -1 -1
889 694 -1
-774 -1 -1
61 200 -1
-168 -1 -1
982 2438 777
-323 4511 5781
-425 615 2338
-942 493 -1
-306 3602 327
-360 -1 -1
59 1600 569
533 1431 5666
237 5470 241
695 4940 2371
-596 2402 2957
714 -1 -1
-364 4666 -1
-665 2446 -1
367 5661 3292
273 4534 772
468 3654 -1
544 -1 -1
-72 2420 -1
-361 4003 679
722 -1 -1
890 4443 3884
-5 650 609
-538 5123 -1
827 4970 4667
-762 867 -1
845 4227 61
815 4906 -1
