4200 8270 1 4200
1776 1777
3936 3937
1016 1017
107 177
2980 2981
107 108
2755 2825
2091 2161
2147 2148
1125 1195
447 448
1082 1083
3088 3089
2883 2884
296 366
2003 2073
898 968
2747 2817
2989 3059
2547 2548
3211 3212
3065 3135
708 778
3973 4043
1852 1853
2879 2880
1455 1456
1744 1814
1285 1355
43 44
358 359
3387 3457
776 777
297 298
2483 2553
1883 1884
2147 2217
1059 1129
33 34
1480 1550
61 131
3021 3091
3469 3470
2232 2302
3582 3583
2118 2188
9 79
3657 3727
541 542
460 530
3736 3737
3554 3555
2250 2251
4095 4165
648 718
2671 2672
4055 4125
2213 2283
3864 3934
2343 2344
3801 3871
847 917
170 240
2733 2734
1232 1233
3689 3759
2222 2223
385 455
1747 1748
1231 1301
1602 1672
1168 1238
3277 3278
3853 3854
2496 2566
3638 3708
3903 3973
3136 3206
36 106
2515 2516
3965 4035
2565 2566
2732 2802
809 810
1481 1482
4050 4051
2274 2344
3415 3416
17 87
3260 3261
3808 3809
90 91
3153 3223
2527 2597
237 238
3391 3461
1536 1537
2332 2402
510 511
3984 4054
1236 1306
3139 3209
263 333
3795 3865
3962 4032
2602 2603
1426 1427
1552 1553
640 641
2802 2872
572 573
899 900
2377 2378
1927 1997
3196 3197
1281 1282
2219 2220
2608 2609
3564 3634
3857 3927
2257 2258
2933 3003
833 834
768 769
170 171
1882 1883
3072 3142
944 1014
805 806
3958 4028
1669 1739
443 513
12 82
1557 1627
3532 3602
2895 2965
1829 1830
3782 3852
2737 2807
2435 2505
2397 2467
3985 4055
1312 1382
3427 3497
164 165
1974 2044
3956 3957
2199 2200
2514 2584
3228 3229
3392 3462
459 529
2854 2855
3337 3407
4025 4095
30 100
1683 1684
3743 3813
658 659
4107 4108
519 589
3171 3241
2155 2225
1987 1988
1223 1293
4086 4087
3126 3196
3690 3691
4071 4141
1350 1420
165 166
3349 3350
80 81
1198 1199
291 292
3026 3027
357 427
2772 2842
1022 1023
3212 3213
2810 2811
3545 3546
873 874
1109 1179
1727 1797
2497 2567
554 624
2832 2902
2173 2243
229 299
3385 3386
242 243
1426 1496
3143 3144
2051 2052
2424 2494
1506 1576
3982 4052
677 678
2093 2094
864 865
3149 3150
557 558
1899 1900
433 503
690 760
1463 1464
2100 2170
718 788
470 471
3815 3885
2114 2115
1539 1609
2081 2082
947 948
3586 3656
4086 4156
1019 1089
144 145
2956 2957
2364 2434
1747 1817
203 273
304 374
350 420
550 551
4117 4118
2983 3053
3299 3300
3307 3377
3945 4015
2675 2745
2594 2595
1645 1646
942 943
1812 1813
1209 1279
463 533
1851 1852
3273 3343
1205 1275
1550 1551
1936 2006
2411 2481
1575 1645
859 929
178 248
3750 3820
2780 2781
2745 2746
2320 2321
2462 2463
3307 3308
3172 3173
1611 1612
2545 2615
3860 3930
4097 4098
445 446
1860 1861
1007 1008
12 13
1395 1396
76 77
1799 1869
3519 3520
2791 2861
1357 1427
3511 3512
3654 3724
1342 1412
3469 3539
2813 2883
1583 1653
1336 1337
301 371
375 445
593 663
1375 1376
4042 4112
4001 4071
1064 1134
3319 3320
3397 3398
3284 3285
882 952
1518 1588
2459 2460
1516 1517
1039 1040
519 520
300 370
1874 1875
3531 3601
3934 3935
731 732
1849 1850
230 300
521 522
168 238
2731 2801
147 148
2403 2404
100 101
3602 3672
3709 3779
3191 3192
3521 3591
3370 3371
2684 2754
3071 3141
2957 3027
34 104
2405 2406
3193 3194
3038 3108
1958 2028
796 797
2245 2315
3862 3932
804 874
1883 1953
2323 2393
50 120
3020 3090
571 572
648 649
1625 1626
1932 2002
1818 1819
3247 3317
3050 3051
1053 1123
2954 2955
589 590
967 1037
3075 3076
392 393
3063 3133
2215 2285
716 786
3612 3613
2547 2617
3098 3168
1881 1951
2066 2067
2562 2563
1172 1173
3876 3946
1200 1270
1427 1428
3393 3463
1614 1684
3343 3344
301 302
1995 1996
1950 1951
1966 2036
96 166
2617 2618
2315 2385
219 220
1993 1994
1373 1374
481 482
1314 1384
480 550
2190 2260
2869 2939
842 912
3487 3488
4047 4048
3927 3928
2185 2186
1284 1354
2450 2520
3422 3423
1373 1443
1670 1671
1759 1760
1601 1602
2416 2417
1559 1629
1705 1706
232 233
2490 2491
1036 1037
688 689
645 715
2894 2895
3689 3690
1343 1344
1210 1211
971 1041
1307 1308
3684 3754
2394 2464
4076 4077
3667 3737
2748 2749
1749 1819
1337 1407
1642 1712
1007 1077
2083 2153
2861 2862
2523 2593
3686 3756
2051 2121
1213 1214
2470 2540
2438 2439
3089 3159
3717 3787
1679 1749
552 622
3295 3365
1101 1102
778 779
2849 2850
2082 2152
529 530
2960 3030
2339 2340
807 877
2292 2293
878 948
235 236
921 922
374 375
3381 3451
2829 2899
499 569
1879 1880
2442 2443
2674 2675
2268 2338
2216 2217
305 375
3520 3521
2255 2256
2534 2604
692 693
2872 2942
3003 3073
1617 1618
496 497
2903 2973
1904 1974
789 790
2078 2148
2566 2636
2837 2907
525 526
3045 3115
134 204
3782 3783
2915 2985
3190 3260
2672 2742
797 867
1095 1096
3955 4025
273 343
1636 1706
1184 1185
3713 3783
2546 2547
2062 2132
219 289
506 507
326 396
4148 4149
4125 4195
3910 3980
3848 3918
2802 2803
498 568
910 980
1250 1320
3573 3643
1801 1802
3647 3717
3214 3284
732 733
3491 3492
94 95
2283 2284
3096 3166
700 770
1862 1932
3169 3170
3115 3185
3066 3067
1159 1229
687 688
2434 2504
653 654
1664 1734
3313 3383
431 432
1326 1396
3276 3346
3974 4044
1476 1546
860 861
1020 1090
1398 1399
1551 1552
2372 2373
2496 2497
1197 1267
3309 3379
1166 1167
333 403
365 435
2699 2700
3966 4036
990 1060
3185 3186
3776 3777
2206 2207
526 527
2125 2126
2733 2803
941 1011
2402 2403
2117 2187
2459 2529
2016 2017
3278 3348
305 306
1132 1133
1509 1510
2022 2092
180 181
3553 3623
38 39
2205 2206
4096 4097
2284 2285
2440 2441
129 199
3055 3125
2525 2595
1578 1579
2888 2958
635 636
3081 3151
2319 2389
3495 3565
3119 3189
799 869
1912 1982
2727 2728
24 94
2027 2097
2696 2766
2322 2392
3814 3884
3236 3306
3420 3421
119 120
3034 3035
958 959
3594 3664
2864 2865
2673 2674
919 989
2528 2529
775 776
3632 3633
4198 4199
631 632
3994 3995
646 716
575 576
2519 2520
2237 2238
381 382
329 330
3341 3411
2845 2846
2581 2651
2682 2683
3075 3145
2570 2640
858 859
1760 1761
1956 2026
2831 2832
1142 1143
1771 1772
155 225
1477 1547
319 389
821 822
198 268
2225 2226
2408 2478
701 702
646 647
2987 3057
853 854
2579 2580
1197 1198
1796 1866
3635 3636
1003 1004
3737 3738
2585 2586
187 257
252 322
1956 1957
2978 3048
1588 1658
403 473
372 442
1924 1925
3605 3606
3502 3572
1499 1500
2573 2574
2614 2684
2311 2312
834 835
3571 3572
4165 4166
2207 2208
1192 1193
2697 2767
3593 3594
2461 2462
201 271
2467 2468
737 807
1640 1641
2522 2592
2226 2296
1913 1914
2767 2837
2315 2316
3543 3613
217 218
1791 1792
2491 2492
890 960
2693 2763
4016 4017
3320 3321
1056 1057
78 79
3227 3297
2458 2459
3552 3622
2214 2215
1234 1304
1397 1398
764 834
76 146
2703 2773
1335 1405
2560 2561
2964 2965
2864 2934
1455 1525
2221 2222
1203 1204
3446 3516
2038 2039
2043 2113
3759 3829
3496 3497
4079 4080
88 89
2410 2411
346 416
2996 3066
1039 1109
670 671
3829 3899
6 7
2209 2210
1371 1372
2269 2339
604 605
3199 3200
1748 1818
2992 2993
1965 2035
256 257
195 265
2414 2484
956 1026
1578 1648
2867 2937
3274 3344
4111 4112
3856 3857
2624 2694
3633 3703
1908 1909
3365 3366
3992 3993
1258 1328
4129 4199
930 931
3263 3333
3208 3278
2166 2167
1378 1448
279 349
3125 3195
3221 3222
903 973
2211 2281
412 482
867 868
1483 1553
908 909
1148 1149
4068 4069
1591 1592
2583 2584
138 208
3000 3070
1181 1182
3146 3216
1869 1939
3272 3342
1154 1224
1973 1974
832 902
16 17
2351 2352
650 651
3582 3652
630 700
2918 2919
4039 4109
442 443
3915 3916
292 293
1977 1978
3252 3322
3918 3919
958 1028
68 69
1055 1056
1746 1747
647 648
1308 1309
3810 3880
3539 3609
3294 3295
3134 3135
3756 3757
1549 1619
850 920
313 383
1049 1119
3825 3826
3137 3207
2039 2040
1248 1318
2389 2459
1388 1389
826 827
1639 1709
1484 1485
3821 3891
852 853
2839 2909
287 288
3768 3769
1641 1711
1108 1109
2764 2765
2856 2926
418 488
1449 1450
112 182
3577 3647
1952 2022
2695 2696
1395 1465
259 260
538 608
2293 2363
2410 2480
3266 3336
1180 1181
395 396
1402 1472
1195 1196
2907 2908
4102 4172
160 230
1344 1345
1380 1381
1403 1404
2716 2717
3216 3217
1633 1634
3394 3464
1497 1567
3057 3127
1074 1075
119 189
2011 2012
3574 3644
3383 3453
2448 2518
1458 1459
2860 2930
2606 2676
1310 1380
2609 2610
3672 3673
3371 3372
1710 1780
3501 3571
1150 1220
1654 1655
3547 3548
206 207
398 468
2586 2656
1792 1862
3422 3492
2805 2806
3865 3866
336 337
2587 2657
2196 2266
2984 3054
941 942
81 151
3040 3110
1193 1263
3371 3441
4013 4014
1788 1858
2407 2477
1685 1755
1471 1541
649 650
1606 1607
2945 3015
871 872
4056 4057
2723 2793
150 151
2107 2177
4015 4085
817 887
2771 2772
498 499
3539 3540
453 454
655 656
45 115
1628 1629
3606 3676
2622 2623
2714 2784
2642 2712
694 695
1405 1475
3480 3481
2815 2816
2956 3026
976 1046
4070 4071
2873 2874
2812 2882
3126 3127
3951 3952
1958 1959
989 1059
643 713
3880 3950
58 128
2880 2950
691 692
1765 1766
2748 2818
1639 1640
1398 1468
3398 3468
216 217
1330 1400
2451 2452
3911 3981
3841 3911
3971 4041
2386 2387
1126 1127
103 104
1230 1300
2340 2410
1875 1945
881 882
903 904
3382 3383
1681 1682
3161 3231
987 1057
3634 3635
494 564
2402 2472
2993 2994
2384 2385
405 475
2337 2338
3757 3827
3954 4024
816 817
990 991
2399 2469
1551 1621
1817 1887
3960 3961
2407 2408
3846 3847
1338 1408
2087 2088
3001 3071
1490 1560
2516 2517
2284 2354
3686 3687
462 532
1485 1486
1224 1225
346 347
621 691
3872 3942
1468 1538
491 492
3351 3352
1925 1926
2700 2770
562 563
471 541
2959 2960
2481 2551
1871 1872
3877 3878
1013 1083
509 510
2602 2672
1152 1153
3327 3397
3986 4056
3082 3152
675 745
42 43
2 3
269 270
1718 1719
838 908
3453 3454
3855 3856
240 241
1780 1781
3566 3636
1977 2047
1949 1950
2053 2054
2163 2164
1341 1342
1784 1854
89 159
753 754
2644 2714
2171 2172
1514 1584
497 498
2678 2748
4070 4140
1583 1584
174 244
1424 1425
2991 3061
2650 2720
3696 3766
4062 4132
3176 3177
905 906
1240 1241
902 972
2620 2621
1353 1423
623 693
3697 3767
3550 3620
1824 1825
4186 4187
4052 4122
3866 3867
3897 3898
2377 2447
1107 1108
1478 1548
1049 1050
375 376
1457 1527
3487 3557
2623 2693
2904 2974
226 296
559 560
888 889
4140 4141
4081 4082
2967 3037
3431 3501
14 15
585 655
1569 1570
2592 2593
1837 1907
2210 2211
3486 3487
2539 2540
1517 1587
2171 2241
1904 1905
682 683
1501 1571
1391 1392
3160 3161
1442 1443
4109 4110
3450 3451
1029 1030
3206 3276
2711 2712
1858 1928
1903 1904
272 342
1041 1111
2764 2834
2633 2703
2977 2978
1534 1604
3518 3588
3332 3333
279 280
3249 3250
4020 4090
4196 4197
2427 2497
2801 2871
3108 3178
1445 1515
1411 1481
866 936
811 881
3390 3391
474 544
3497 3498
2033 2103
284 354
3996 3997
2109 2179
2384 2454
4097 4167
872 942
2865 2866
2613 2683
1099 1169
1592 1593
580 581
1297 1367
3736 3806
3308 3378
1877 1947
2122 2123
1843 1913
3871 3941
242 312
1348 1349
3798 3799
2057 2127
367 437
2412 2413
571 641
1009 1079
749 750
335 336
1351 1421
3270 3340
2038 2108
2811 2881
1323 1324
82 152
902 903
2060 2061
513 514
2821 2891
3031 3101
3884 3954
569 639
734 735
2111 2181
2527 2528
631 701
1908 1978
3778 3848
3697 3698
2244 2314
2072 2073
1750 1820
1914 1915
3237 3307
2994 2995
3010 3080
2046 2116
165 235
2617 2687
2145 2215
1351 1352
2666 2667
1456 1457
3018 3019
3165 3166
2260 2330
1440 1441
3650 3720
1985 2055
1923 1993
861 931
430 500
2948 2949
869 870
2277 2278
270 271
3926 3927
1381 1382
3423 3424
1312 1313
1924 1994
1070 1071
1214 1215
669 739
1509 1579
761 762
3630 3631
1790 1791
2770 2840
826 896
3282 3352
4084 4085
3896 3966
4095 4096
659 729
934 935
3779 3849
1668 1738
1682 1752
1188 1258
3019 3020
992 1062
2610 2611
2099 2100
94 164
514 515
4124 4125
2538 2608
1353 1354
43 113
2303 2304
160 161
803 873
1259 1260
2270 2271
2884 2885
250 251
900 970
3152 3153
2691 2692
2431 2501
310 380
3937 3938
963 964
2022 2023
586 587
4161 4162
2842 2912
3658 3659
1238 1308
95 96
3548 3549
1244 1314
1700 1701
2438 2508
3049 3119
1464 1465
3073 3143
515 585
2457 2458
1199 1200
1254 1324
996 997
553 554
148 149
794 795
2382 2383
3332 3402
2858 2859
3677 3678
325 326
712 782
4133 4134
1798 1868
2880 2881
2212 2282
782 852
3299 3369
1386 1387
1201 1271
3494 3564
2287 2288
2357 2427
1199 1269
3765 3766
1400 1470
2686 2687
3879 3880
1866 1936
2893 2963
1762 1832
3888 3958
3636 3706
4158 4159
3174 3175
1207 1208
3331 3401
1346 1416
3506 3576
1736 1806
836 906
1389 1390
535 605
1207 1277
493 494
994 995
3404 3474
802 872
680 750
3968 4038
409 410
2887 2957
1937 2007
2803 2873
2266 2267
3289 3359
1185 1255
171 241
1492 1493
3596 3597
1021 1091
1101 1171
3656 3726
2432 2433
2524 2525
3192 3262
1945 1946
3661 3662
2621 2622
536 537
913 983
3628 3629
1522 1592
3852 3922
3366 3436
3106 3107
2568 2638
1945 2015
386 387
2976 2977
2590 2660
3893 3963
71 141
2157 2158
623 624
3230 3300
777 778
1382 1452
2744 2814
3818 3819
3410 3411
1643 1644
1161 1162
1412 1413
112 113
709 710
1732 1802
3141 3211
1537 1538
3410 3480
3308 3309
1720 1790
3558 3628
222 223
3035 3105
2866 2867
1512 1513
3667 3668
3421 3422
2943 2944
3008 3009
2101 2171
895 965
2480 2550
2787 2788
3704 3705
3872 3873
678 679
3996 4066
1603 1604
2085 2155
3168 3238
3817 3887
2924 2925
2214 2284
1104 1105
2426 2496
1316 1317
4021 4091
4007 4008
2185 2255
2743 2744
563 564
3426 3427
2247 2248
3467 3468
1550 1620
525 595
120 121
918 988
2835 2905
3120 3121
1796 1797
2465 2466
4030 4100
2912 2982
2342 2412
2540 2610
1085 1155
110 111
295 365
1006 1076
3439 3440
1966 1967
751 752
1333 1403
982 983
2830 2831
3404 3405
3337 3338
3596 3666
1658 1728
2191 2261
1693 1694
1959 2029
3266 3267
3110 3180
3533 3534
3837 3907
1701 1702
4061 4062
1206 1276
657 727
634 704
752 822
3456 3526
3675 3745
3130 3131
1117 1187
2749 2819
3033 3103
2533 2534
470 540
464 465
169 239
479 549
3629 3630
4065 4066
2088 2089
2662 2732
446 516
2342 2343
2156 2226
4194 4195
960 1030
2833 2834
1638 1639
2498 2499
3185 3255
1299 1369
722 792
1488 1558
1289 1359
1656 1657
2795 2865
2395 2396
2501 2571
3283 3284
75 145
360 361
3701 3702
4067 4137
348 418
332 333
868 938
1923 1924
1299 1300
2718 2788
62 132
1030 1031
3322 3392
3816 3886
1549 1550
1157 1158
1367 1368
691 761
688 758
2796 2797
3267 3268
2663 2733
1081 1082
3124 3194
3496 3566
3899 3969
945 1015
889 959
2121 2122
3164 3234
728 729
601 602
1630 1631
309 379
3167 3168
3095 3165
3787 3788
248 249
1422 1423
914 915
358 428
697 767
1942 2012
613 683
3594 3595
3943 4013
680 681
2005 2075
1115 1185
611 681
1853 1854
2863 2933
1023 1093
765 766
606 607
2131 2201
1758 1828
3503 3504
265 266
1612 1613
3682 3683
3384 3385
2429 2430
2629 2630
1340 1410
185 255
3995 3996
1940 1941
3043 3044
294 295
2896 2897
2014 2084
1315 1385
370 371
2657 2658
2077 2147
3454 3455
2076 2146
1811 1881
747 817
1144 1214
818 888
2535 2605
121 122
1276 1346
2070 2140
1297 1298
3067 3137
1009 1010
4099 4100
39 109
1413 1414
2580 2581
3541 3611
3931 3932
1853 1923
685 686
2878 2879
3287 3288
1980 2050
3730 3800
1420 1421
367 368
311 312
444 445
3852 3853
3475 3545
2557 2627
2334 2404
2841 2842
2930 2931
3204 3205
3122 3123
239 240
582 652
2552 2553
1320 1321
378 448
2843 2913
3912 3913
2997 2998
1196 1266
3204 3274
3535 3605
1988 1989
495 496
3758 3759
2931 3001
3305 3306
3762 3832
2335 2405
263 264
20 90
2728 2798
1726 1727
3653 3723
3509 3579
426 427
1555 1625
3626 3696
2074 2144
2336 2406
733 803
140 210
1460 1530
3535 3536
2035 2036
3105 3106
2409 2410
2230 2300
4168 4169
1863 1864
917 987
3510 3511
3320 3390
136 206
4031 4101
1386 1456
1576 1646
2971 3041
1174 1175
368 438
4106 4107
282 283
2635 2636
2471 2472
1218 1219
98 168
2545 2546
3637 3707
1362 1363
708 709
2125 2195
2834 2904
2958 3028
3878 3879
3644 3714
3589 3659
1313 1383
2007 2077
3935 3936
3407 3477
2276 2346
4026 4027
3465 3535
911 981
1202 1272
1202 1203
1311 1381
1441 1511
583 584
2807 2877
3740 3810
2516 2586
2477 2547
2390 2391
2102 2103
176 177
1187 1257
3303 3304
258 328
1189 1190
2173 2174
1067 1137
3144 3145
3610 3611
1253 1254
2521 2591
222 292
21 22
2867 2868
3155 3225
3662 3732
3321 3322
3433 3503
4012 4013
780 850
152 153
34 35
2705 2775
886 887
136 137
3732 3802
481 551
2706 2776
2724 2794
4092 4093
1664 1665
3775 3776
3757 3758
591 661
2229 2230
303 373
181 182
684 685
4197 4198
3566 3567
3819 3820
3615 3685
1562 1563
1488 1489
564 565
806 807
2941 2942
18 19
574 575
2676 2746
1768 1838
854 855
3064 3065
4043 4044
3385 3455
2012 2013
3601 3671
487 557
4121 4122
256 326
168 169
1493 1563
1024 1025
3982 3983
196 197
3695 3696
1712 1713
967 968
1717 1718
3224 3225
1617 1687
1017 1018
3144 3214
909 979
2643 2644
3002 3003
2049 2119
998 999
4143 4144
2977 3047
3791 3861
2203 2204
3354 3355
965 1035
1534 1535
1238 1239
2172 2173
178 179
3473 3474
419 489
3843 3844
1433 1503
2736 2806
1963 1964
3672 3742
3673 3743
803 804
1088 1158
1026 1027
72 142
3805 3875
1211 1212
183 253
1563 1633
4112 4113
3092 3093
2126 2196
1655 1656
2444 2445
1983 2053
3084 3085
999 1069
1838 1908
889 890
3816 3817
2938 2939
1315 1316
2413 2414
585 586
1934 1935
2155 2156
2747 2748
1158 1159
2790 2791
3432 3502
1371 1441
452 453
1018 1019
3944 4014
2080 2150
629 699
248 318
3403 3404
2750 2820
1359 1429
1416 1486
969 970
1233 1234
3639 3709
3861 3931
1429 1430
442 512
3092 3162
3561 3562
3670 3671
3497 3567
2145 2146
1379 1449
435 436
399 400
148 218
3552 3553
487 488
3086 3087
3413 3414
2861 2931
47 117
427 497
3533 3603
2899 2969
3631 3632
715 716
3245 3246
1078 1079
775 845
4126 4196
1694 1695
964 1034
1843 1844
3441 3511
1208 1278
3714 3715
3549 3619
2017 2087
1782 1783
37 38
1857 1927
3211 3281
2385 2386
1404 1474
2172 2242
2714 2715
3443 3444
277 278
726 796
131 201
3433 3434
2146 2216
669 670
1574 1644
1201 1202
228 298
1504 1505
1379 1380
262 263
269 339
1060 1061
2069 2139
614 684
376 377
2345 2346
1157 1227
2797 2867
1136 1137
8 9
3824 3825
1705 1775
92 162
1203 1273
384 454
2001 2071
173 243
1247 1248
3669 3670
1473 1543
2298 2299
3741 3742
1770 1771
1598 1668
743 744
1109 1110
2520 2590
3427 3428
3841 3842
233 234
1625 1695
424 425
3703 3704
356 426
3183 3253
2967 2968
1598 1599
2979 3049
3388 3389
1685 1686
2859 2860
1763 1764
3663 3664
344 345
3270 3271
209 210
316 317
1911 1912
1138 1139
3601 3602
2123 2124
3265 3266
3817 3818
2341 2411
1486 1487
2273 2343
1103 1173
414 484
461 531
3048 3049
1290 1291
1316 1386
920 990
3925 3926
1716 1717
2612 2682
2997 3067
381 451
2665 2735
843 913
2672 2673
1237 1238
761 831
3118 3188
4008 4078
523 593
2685 2755
1665 1666
3165 3235
2029 2099
3754 3755
1050 1120
3969 4039
2615 2685
3032 3102
1227 1297
3823 3824
1296 1297
2823 2824
2176 2177
2320 2390
954 1024
3690 3760
1449 1519
563 633
3330 3400
4163 4164
2097 2167
1584 1654
83 84
823 824
2725 2795
3774 3775
2819 2820
2862 2863
2169 2170
1822 1823
638 708
2855 2925
2077 2078
1127 1128
359 429
621 622
2304 2374
918 919
968 969
1692 1693
1561 1631
3905 3906
3650 3651
3929 3999
3462 3532
1716 1786
2242 2312
4115 4185
4113 4183
2554 2555
1466 1467
3197 3267
468 538
2224 2294
3766 3836
3831 3901
1221 1291
1147 1148
2441 2442
4029 4030
3127 3128
400 401
1621 1622
2194 2195
547 548
482 483
3794 3864
3316 3317
2328 2398
452 522
1635 1636
3957 3958
564 634
3271 3341
3563 3564
39 40
3724 3794
784 854
1139 1209
87 88
3849 3850
2059 2129
1130 1200
25 95
1128 1198
943 1013
1043 1044
93 163
3748 3749
716 717
1343 1413
4015 4016
2588 2589
3336 3337
3738 3808
930 1000
1606 1676
283 284
3874 3944
3106 3176
1729 1730
382 452
273 274
1657 1658
3939 4009
3781 3782
2785 2786
1688 1758
1642 1643
197 198
1596 1597
1535 1605
2972 3042
3580 3650
3949 3950
2848 2918
2200 2270
81 82
1186 1256
1076 1146
2902 2972
1559 1560
2322 2323
200 270
3030 3031
1861 1931
3372 3373
2996 2997
1058 1128
2291 2292
3981 4051
2794 2864
846 916
3275 3345
1402 1403
1564 1634
3199 3269
2183 2184
3608 3678
3875 3945
3376 3377
1535 1536
3232 3233
1916 1986
390 391
2661 2662
3398 3399
2962 2963
2596 2666
3499 3569
3953 4023
3972 4042
4050 4120
3163 3233
916 917
3148 3218
2950 2951
577 578
537 538
3970 4040
1717 1787
1943 1944
1545 1615
3475 3476
1703 1773
235 305
2227 2228
2513 2514
2787 2857
354 355
3053 3123
3984 3985
1527 1597
3044 3114
2296 2297
166 236
1914 1984
3915 3985
2571 2641
2653 2723
2575 2576
2631 2701
2720 2721
2355 2425
1444 1445
4116 4186
3046 3116
3828 3898
2857 2858
2789 2859
1179 1249
2910 2980
2075 2076
555 625
3715 3785
2535 2536
2238 2308
3993 4063
1609 1679
1103 1104
1012 1082
3567 3568
2567 2568
864 934
2552 2622
1885 1886
2115 2116
387 388
2868 2938
4072 4073
1191 1261
4164 4165
1719 1720
2603 2604
3528 3529
2153 2223
2825 2895
3074 3144
432 502
2134 2204
4155 4156
2302 2303
3880 3881
2769 2839
1643 1713
654 655
705 775
3887 3888
618 688
3602 3603
99 100
2063 2064
1475 1545
3401 3471
4024 4025
2143 2213
2981 2982
1657 1727
1040 1110
3527 3597
2307 2377
4103 4173
4028 4029
981 1051
3032 3033
2707 2777
2493 2494
3687 3688
2788 2858
3290 3360
2057 2058
2127 2197
679 680
3443 3513
1310 1311
109 179
423 424
1503 1504
1856 1857
1288 1289
1833 1903
4027 4097
1134 1204
3885 3886
591 592
1989 1990
3134 3204
1672 1673
1545 1546
115 185
3138 3139
2598 2599
577 647
3215 3216
344 414
1143 1144
62 63
1889 1959
3775 3845
2346 2416
523 524
1290 1360
3580 3581
2401 2402
730 800
2367 2368
2825 2826
3350 3351
570 571
2305 2306
4174 4175
1553 1554
996 1066
3435 3505
766 836
3194 3195
317 387
2578 2648
3966 3967
1502 1572
1026 1096
820 890
3327 3328
1731 1732
892 962
3429 3499
1805 1875
3892 3893
664 665
1596 1666
2056 2126
3904 3974
2954 3024
3812 3813
3604 3605
1121 1191
3846 3916
3556 3557
2174 2244
1317 1387
244 314
3027 3097
388 458
1528 1598
1825 1826
2387 2457
2328 2329
2031 2101
1622 1623
2571 2572
3360 3430
3198 3199
3655 3656
3362 3363
3671 3672
2725 2726
717 787
2618 2619
1217 1287
2798 2868
1396 1466
594 664
1852 1922
455 456
499 500
2970 3040
57 127
1979 1980
1565 1635
4171 4172
116 117
854 924
3054 3124
1925 1995
2334 2335
2919 2920
1628 1698
3940 4010
781 782
1873 1943
991 992
428 498
4016 4086
2140 2210
3288 3358
3019 3089
2053 2123
2161 2162
4009 4010
1241 1311
2589 2590
3454 3524
2647 2717
1332 1333
3930 4000
2828 2898
1995 2065
2591 2592
73 143
352 422
3100 3170
450 451
851 921
542 612
605 675
484 554
3333 3334
48 49
2886 2956
2824 2894
1790 1860
1736 1737
4151 4152
3879 3949
665 735
4068 4138
3361 3431
2184 2185
40 41
80 150
2234 2304
4136 4137
1099 1100
2938 3008
1467 1537
2939 3009
599 669
2233 2234
1546 1547
3668 3738
2689 2690
1696 1697
2701 2702
953 1023
1809 1879
71 72
1090 1091
1258 1259
3159 3229
3238 3308
1973 2043
3281 3351
1647 1717
1272 1273
1553 1623
223 293
3809 3879
482 552
3980 4050
2387 2388
2207 2277
2319 2320
3709 3710
3604 3674
252 253
1503 1573
2885 2955
1368 1369
1057 1127
4123 4193
3484 3485
923 993
2179 2249
800 870
3837 3838
850 851
1286 1356
913 914
2768 2769
3522 3592
1566 1636
1865 1935
3374 3375
1397 1467
531 532
2988 2989
1975 2045
1405 1406
4162 4163
3624 3625
3389 3390
2582 2652
698 768
3704 3774
1374 1444
3274 3275
232 302
4116 4117
133 203
3448 3449
268 338
3493 3494
2023 2024
2664 2665
2790 2860
1349 1350
757 827
1130 1131
3561 3631
352 353
3629 3699
2577 2578
2803 2804
3202 3203
2491 2561
4017 4087
2508 2509
1437 1438
2915 2916
3149 3219
2583 2653
844 914
938 939
1711 1712
137 207
637 638
245 315
349 350
3017 3087
1558 1628
2436 2437
527 597
52 53
2383 2453
2810 2880
3071 3072
74 75
1926 1996
229 230
99 169
2791 2792
1649 1650
737 738
1305 1375
1955 1956
3635 3705
3713 3714
3059 3129
1345 1415
2329 2399
176 246
645 646
2129 2199
238 239
2543 2613
3777 3847
3987 3988
477 547
1996 2066
116 186
1556 1626
2048 2118
413 414
2734 2735
3223 3224
1279 1280
1907 1977
1878 1879
3340 3341
2681 2682
236 237
1484 1554
4075 4076
186 187
2517 2587
1394 1395
2105 2175
3870 3940
2700 2701
3804 3805
2721 2722
3793 3863
3501 3502
3463 3533
1735 1736
1069 1070
562 632
2865 2935
3166 3167
2903 2904
3023 3024
3588 3589
2510 2511
2345 2415
3449 3450
3216 3286
2681 2751
1469 1539
1742 1743
2875 2876
3483 3553
3503 3573
1178 1248
3675 3676
1355 1425
2891 2961
1917 1918
4082 4083
3285 3355
2107 2108
2190 2191
516 586
2896 2966
770 840
1548 1618
2776 2846
3913 3983
1590 1591
355 356
3801 3802
3057 3058
2349 2419
806 876
705 706
2110 2180
97 167
440 441
2643 2713
1941 1942
1171 1172
1599 1600
565 566
968 1038
3339 3340
3240 3310
158 228
2302 2372
3247 3248
2253 2254
1370 1440
1089 1090
3460 3530
4064 4134
2765 2766
2521 2522
1709 1779
1589 1659
3066 3136
56 126
2544 2545
1024 1094
3102 3172
2046 2047
1543 1544
3920 3990
3901 3971
4173 4174
341 342
3600 3670
2953 2954
876 877
4056 4126
2205 2275
184 254
723 724
2928 2998
1004 1074
1419 1420
675 676
2635 2705
1563 1564
3939 3940
2874 2875
1028 1029
2350 2351
257 258
3987 4057
779 849
192 193
3683 3753
602 603
1337 1338
2567 2637
1141 1142
1954 1955
1358 1428
743 813
2756 2826
1344 1414
3257 3258
23 24
3786 3787
3357 3427
289 359
1536 1606
2572 2642
3729 3799
1140 1210
3259 3329
3616 3617
3954 3955
4184 4185
1660 1661
3181 3182
467 468
3462 3463
31 32
4039 4040
2229 2299
942 1012
573 574
2260 2261
883 953
4043 4113
202 203
3311 3381
3745 3746
3182 3183
161 162
3763 3833
829 899
2163 2233
436 437
2071 2072
3615 3616
3367 3437
1848 1918
1530 1531
9 10
1948 2018
3942 3943
983 984
4183 4184
463 464
3311 3312
3330 3331
1737 1807
2286 2287
538 539
598 599
2366 2367
501 502
282 352
1722 1723
4091 4161
1233 1303
363 433
2992 3062
3732 3733
860 930
937 1007
1453 1454
2835 2836
3890 3960
3802 3803
1572 1573
972 1042
1164 1234
2241 2311
1180 1250
2968 2969
2104 2174
356 357
3041 3042
3919 3920
3910 3911
4120 4121
2169 2239
3923 3924
3336 3406
3451 3452
681 682
2280 2281
1432 1502
392 462
773 774
1052 1053
3965 3966
879 949
3345 3415
2149 2150
722 723
2478 2479
4003 4004
791 861
702 703
3483 3484
3310 3380
1153 1223
3791 3792
2846 2916
1164 1165
3556 3626
3127 3197
1663 1664
2782 2852
2506 2576
3869 3870
2058 2128
122 123
2068 2069
1803 1873
2578 2579
2586 2587
2258 2328
4048 4118
1360 1361
1786 1856
118 188
862 932
1961 1962
848 918
3234 3235
2406 2476
4000 4070
3169 3239
1250 1251
3167 3237
2356 2426
935 936
411 481
3383 3384
1434 1435
1391 1461
1619 1620
578 648
1756 1757
1131 1132
4132 4133
1269 1270
3346 3416
1192 1262
286 356
841 911
2481 2482
2005 2006
100 170
2560 2630
713 783
2827 2897
2373 2443
198 199
3578 3648
814 815
819 820
84 154
2192 2262
423 493
1295 1365
3269 3339
1611 1681
1776 1846
3979 3980
4112 4182
2025 2095
1661 1731
2070 2071
2771 2841
1206 1207
3492 3562
2598 2668
3351 3421
661 662
2419 2489
5 75
1045 1115
2451 2521
1728 1729
969 1039
551 621
503 504
875 945
2588 2658
3507 3508
3722 3792
1895 1896
865 866
1898 1968
362 432
246 316
411 412
4098 4099
1105 1175
1686 1687
3578 3579
2840 2910
208 278
4082 4152
1626 1627
3465 3466
3136 3137
2370 2440
3379 3449
3676 3677
2646 2716
2537 2538
472 473
3772 3842
1128 1129
3826 3827
3554 3624
1346 1347
797 798
998 1068
1738 1808
835 836
763 764
2424 2425
1997 1998
60 130
2316 2317
3974 3975
2071 2141
535 536
3733 3734
393 463
1599 1669
3446 3447
430 431
1177 1178
69 139
4181 4182
3853 3923
2136 2137
1302 1372
3530 3531
3192 3193
3142 3143
2739 2740
3267 3337
2050 2120
4077 4147
513 583
3836 3906
2746 2816
1294 1295
2852 2853
2293 2294
2509 2510
1612 1682
2640 2710
1390 1391
610 611
703 773
3250 3251
3417 3418
3309 3310
309 310
1167 1168
3116 3186
3598 3599
2639 2709
2843 2844
4088 4158
1094 1164
1236 1237
1245 1315
907 977
1646 1716
451 452
104 105
2217 2287
3328 3398
163 164
3135 3136
1077 1147
3061 3131
1730 1800
54 124
808 809
1839 1840
1457 1458
3207 3208
3389 3459
3665 3666
1110 1180
1271 1341
2374 2444
2772 2773
353 423
3457 3458
38 108
532 602
2121 2191
2146 2147
887 888
605 606
920 921
3897 3967
4067 4068
732 802
1491 1492
720 721
901 902
2734 2804
505 506
2352 2422
2280 2350
2670 2740
363 364
3666 3736
64 65
340 410
1437 1507
1213 1283
3521 3522
2306 2307
3831 3832
3279 3280
2045 2115
612 682
2949 3019
2430 2500
2136 2206
1900 1970
3004 3074
1889 1890
1296 1366
3542 3543
2433 2503
3317 3387
3186 3187
1272 1342
510 580
2549 2550
1170 1240
79 149
3417 3487
3813 3883
3111 3181
2949 2950
78 148
1211 1281
1570 1571
2068 2138
1984 2054
216 286
1770 1840
681 751
2495 2565
4064 4065
551 552
3082 3083
697 698
2220 2290
2906 2976
867 937
3860 3861
774 844
1141 1211
3213 3214
1149 1150
1946 1947
1264 1334
2615 2616
1001 1071
3711 3781
3065 3066
3693 3763
3834 3835
1795 1865
3568 3638
3073 3074
3094 3095
1420 1490
1107 1177
77 78
3727 3728
3437 3438
707 777
3961 3962
2343 2413
2126 2127
2661 2731
1017 1087
159 229
3138 3208
3084 3154
581 651
1060 1130
3241 3242
2988 3058
3678 3679
1944 1945
3159 3160
1867 1868
2318 2388
149 150
4104 4105
828 898
3103 3173
473 474
3322 3323
2885 2886
1890 1960
714 715
4009 4079
528 598
1905 1906
1394 1464
1434 1504
2044 2114
1939 1940
2738 2739
2288 2289
753 823
2921 2922
959 960
1002 1072
1885 1955
2728 2729
1265 1335
531 601
2249 2319
3746 3816
2584 2585
2844 2845
2277 2347
135 136
1906 1907
4087 4157
1495 1565
952 1022
2593 2594
3719 3720
3610 3680
1835 1905
2245 2246
2251 2321
480 481
917 918
3815 3816
2518 2588
3205 3206
1767 1768
2349 2350
65 135
4125 4126
2151 2152
1114 1184
2801 2802
2757 2758
2008 2009
2428 2429
3158 3228
2065 2066
1319 1389
4129 4130
2601 2671
1027 1028
297 367
3720 3721
1964 1965
2576 2577
3665 3735
3194 3264
2736 2737
2490 2560
16 86
3813 3814
368 369
3025 3095
927 997
625 695
2054 2124
2130 2131
6 76
842 843
3458 3528
1325 1395
401 402
238 308
3445 3446
440 510
3122 3192
3953 3954
1944 2014
2344 2345
1638 1708
342 343
3455 3456
3941 3942
1160 1161
3180 3181
1151 1152
2739 2809
1615 1685
2174 2175
3413 3483
4139 4140
394 464
310 311
545 546
3367 3368
3703 3773
4000 4001
3328 3329
2193 2194
3706 3707
2684 2685
1933 1934
334 335
2393 2463
391 392
1652 1722
633 703
2449 2519
1922 1923
3504 3574
512 513
1801 1871
1399 1469
3474 3544
3053 3054
1713 1714
2416 2486
428 429
3805 3806
1577 1647
3229 3299
3955 3956
135 205
3794 3795
726 727
1385 1386
224 225
2111 2112
1893 1894
2652 2653
502 503
2486 2487
2064 2134
3886 3956
1871 1941
4089 4159
3300 3370
3625 3695
231 301
3774 3844
1090 1160
1674 1744
2737 2738
3514 3584
1934 2004
4159 4160
2881 2951
2000 2001
3591 3661
351 421
919 920
3234 3304
3108 3109
212 213
528 529
1979 2049
2928 2929
960 961
626 627
2856 2857
781 851
154 224
1953 1954
769 770
624 625
7 77
449 450
1915 1985
2082 2083
2 72
1025 1026
322 392
2696 2697
3830 3831
3769 3770
1482 1483
478 479
1077 1078
2423 2493
1161 1231
2422 2423
1369 1439
3325 3395
3120 3190
1430 1500
2966 2967
4035 4036
3201 3202
1261 1262
2468 2538
589 659
460 461
3651 3721
2930 3000
1754 1755
706 707
975 1045
1837 1838
3442 3443
3614 3684
3682 3752
4088 4089
985 986
2196 2197
3373 3374
1170 1171
907 908
321 391
3571 3641
3288 3289
2882 2883
3878 3948
1900 1901
1681 1751
1360 1430
2682 2752
1760 1830
1278 1279
2836 2837
2429 2499
1708 1778
2382 2452
2550 2620
453 523
3937 4007
2369 2439
2327 2328
364 434
267 268
2683 2684
1808 1809
2675 2676
3956 4026
1267 1268
449 519
2799 2869
3634 3704
1531 1601
397 398
3201 3271
193 263
2363 2433
3088 3158
4045 4046
1231 1232
3132 3133
508 578
276 346
624 694
4 74
1928 1929
2611 2681
2674 2744
1963 2033
1499 1569
1967 2037
1655 1725
2137 2138
410 480
993 1063
733 734
734 804
3708 3709
4182 4183
1517 1518
2250 2320
3068 3138
2788 2789
3720 3790
2069 2070
3012 3082
2534 2535
2946 2947
3847 3848
418 419
1500 1570
446 447
445 515
2629 2699
84 85
1115 1116
441 442
3421 3491
2180 2250
3590 3591
2853 2923
2847 2848
3402 3403
3662 3663
3042 3112
1235 1305
1615 1616
4080 4081
2498 2568
636 706
1884 1885
1038 1039
2541 2542
1902 1972
1451 1452
1588 1589
299 369
3426 3496
3999 4000
1374 1375
1376 1377
1650 1720
2380 2450
1766 1836
3347 3417
1035 1036
617 618
1393 1463
2638 2708
3099 3100
3087 3088
2929 2999
1928 1998
1246 1247
429 430
3911 3912
4059 4129
517 518
2917 2987
2614 2615
4059 4060
978 1048
224 294
1489 1490
2253 2323
2542 2543
104 174
1836 1906
2850 2851
2971 2972
1593 1663
1293 1294
1618 1688
3380 3450
1758 1759
1281 1351
970 971
3930 3931
2557 2558
1623 1693
1490 1491
3056 3057
1179 1180
214 284
369 370
1038 1108
2926 2927
1473 1474
3807 3808
2831 2901
3517 3518
2073 2074
3150 3220
617 687
2504 2574
266 336
2301 2302
2792 2862
1825 1895
1513 1514
2140 2141
1010 1011
3405 3406
2006 2076
1304 1305
1412 1482
3928 3998
1016 1086
1239 1240
674 744
2536 2606
914 984
2470 2471
2939 2940
3408 3478
3702 3703
2330 2400
4091 4092
1693 1763
932 933
1092 1162
1533 1603
837 907
2195 2265
3838 3908
469 470
3431 3432
278 348
1640 1710
832 833
3248 3249
656 726
2755 2756
1245 1246
1610 1680
1618 1619
1996 1997
2132 2202
3036 3037
666 736
1046 1116
3512 3582
3178 3179
529 599
2233 2303
1185 1186
325 395
3226 3296
3217 3218
3156 3226
572 642
3754 3824
2999 3069
111 112
712 713
1992 1993
3117 3187
1704 1774
3315 3316
3942 4012
2817 2887
2123 2193
2658 2728
1604 1674
1707 1777
2299 2300
3048 3118
1417 1418
4052 4053
2018 2019
3799 3869
2808 2878
2777 2847
1068 1138
3409 3479
1608 1609
3411 3412
2300 2370
3329 3399
1000 1001
3005 3006
1034 1104
855 856
1226 1227
2811 2812
1637 1707
3111 3112
1742 1812
1100 1101
2191 2192
975 976
2246 2247
1826 1896
1363 1433
2820 2890
1097 1167
3508 3578
1810 1880
4055 4056
1887 1888
765 835
1209 1210
727 797
1802 1803
839 840
1691 1761
1438 1508
1761 1762
2036 2106
4180 4181
2626 2696
2914 2984
1269 1339
1827 1897
1146 1147
2482 2552
3424 3425
588 589
3436 3506
2908 2978
361 362
2513 2583
324 325
2239 2309
1135 1136
939 1009
2127 2128
2267 2337
1969 1970
3125 3126
443 444
3833 3903
2484 2554
2530 2600
3770 3771
2379 2380
1560 1561
988 1058
2847 2917
2732 2733
1004 1005
1749 1750
2202 2203
339 340
823 893
1590 1660
1096 1097
419 420
3306 3376
2177 2178
26 96
406 407
3744 3745
2636 2637
2995 3065
1155 1156
1678 1679
1507 1508
2472 2473
147 217
249 319
2218 2288
2604 2674
134 135
2469 2539
935 1005
3888 3889
153 223
1419 1489
2828 2829
1243 1244
614 615
711 781
3291 3361
3959 3960
441 511
2242 2243
1335 1336
1308 1378
3964 3965
353 354
1356 1426
3683 3684
1666 1667
511 581
654 724
866 867
1651 1721
1684 1685
4034 4104
1697 1698
2840 2841
2612 2613
3658 3728
2783 2784
2962 3032
1910 1980
1920 1990
3484 3554
3248 3318
4046 4116
1493 1494
532 533
619 620
2461 2531
3811 3881
3605 3675
1846 1847
3296 3297
117 118
2876 2877
1699 1700
1894 1895
2134 2135
103 173
2180 2181
2900 2970
1771 1841
4087 4088
3014 3015
1682 1683
3718 3788
524 525
1446 1516
330 331
1293 1363
2694 2695
3715 3716
2524 2594
1957 2027
3114 3115
2814 2815
2355 2356
3476 3546
1274 1344
3429 3430
1417 1487
2532 2533
3115 3116
555 556
1856 1926
211 212
1228 1298
3466 3467
3091 3092
385 386
4176 4177
130 131
1829 1899
1595 1665
2395 2465
772 842
3040 3041
923 924
2201 2271
1581 1582
2197 2198
2248 2249
2937 2938
2128 2129
251 321
2785 2855
1719 1789
736 737
974 1044
4037 4107
1392 1462
4045 4115
3646 3647
3843 3913
4 5
2581 2582
4172 4173
3854 3855
2845 2915
2119 2120
4003 4073
258 259
3177 3178
241 311
795 796
306 376
1138 1208
642 643
115 116
3203 3204
3967 4037
534 604
483 553
1409 1479
146 147
597 667
2392 2393
2762 2763
2072 2142
3408 3409
1505 1506
3009 3010
2507 2577
1751 1821
3508 3509
3891 3892
2990 3060
1486 1556
2255 2325
2216 2286
3395 3465
3788 3789
1087 1157
3312 3313
4100 4170
1613 1683
1355 1356
4006 4076
3006 3007
1965 1966
3614 3615
3298 3368
2433 2434
1472 1542
2893 2894
345 415
503 573
1291 1361
3867 3937
3685 3686
3007 3008
567 637
2112 2113
150 220
379 380
3755 3756
2659 2660
3773 3774
2778 2779
65 66
293 363
254 324
3758 3828
3595 3665
3938 3939
2086 2087
2381 2382
77 147
133 134
377 378
2027 2028
2295 2365
308 378
1748 1749
3411 3481
596 666
2979 2980
3441 3442
3619 3620
75 76
1482 1552
3748 3818
2399 2400
3403 3473
570 640
1622 1692
2118 2119
2844 2914
52 122
251 252
1008 1009
3457 3527
3078 3079
217 287
315 385
2991 2992
1668 1669
3292 3362
1678 1748
2335 2336
4033 4103
2144 2145
1098 1168
3752 3753
3481 3551
2966 3036
1803 1804
1529 1599
1117 1118
1723 1724
403 404
771 772
2595 2665
3175 3245
92 93
4032 4102
28 29
191 192
3042 3043
474 475
3725 3726
3590 3660
1280 1350
792 862
456 457
2749 2750
3406 3476
2101 2102
1971 2041
2324 2394
2888 2889
1242 1243
3083 3153
793 794
2897 2967
2500 2501
1594 1664
2135 2205
374 444
2326 2396
3129 3130
3611 3681
1459 1460
3873 3874
351 352
3760 3761
760 830
1191 1192
2619 2689
1745 1815
2595 2596
1602 1603
4077 4078
3425 3426
620 690
2066 2136
1139 1140
2754 2824
2132 2133
3770 3840
3721 3791
4031 4032
3027 3028
3107 3177
4042 4043
1882 1952
2805 2875
1972 1973
1235 1236
1515 1516
1808 1878
3513 3514
3540 3541
3933 4003
2008 2078
2079 2149
326 327
422 492
3507 3577
1071 1072
3051 3121
3200 3201
4100 4101
719 789
3589 3590
2961 2962
1421 1491
4038 4039
2708 2709
1782 1852
1338 1339
2088 2158
1282 1283
1403 1473
764 765
4074 4075
2819 2889
2628 2698
3223 3293
1683 1753
402 403
1739 1740
2208 2278
3676 3746
2677 2678
1805 1806
3977 4047
785 855
939 940
288 358
4019 4020
844 845
3488 3489
2391 2461
788 858
3358 3428
2007 2008
1256 1326
4157 4158
3160 3230
3711 3712
2220 2221
3848 3849
4065 4135
2474 2475
2529 2599
3526 3596
3101 3102
3305 3375
3402 3472
3895 3965
425 426
3833 3834
1083 1153
1168 1169
685 755
2691 2761
3051 3052
1496 1566
3364 3365
836 837
1061 1062
155 156
1648 1718
4142 4143
2124 2125
3668 3669
2472 2542
3117 3118
1659 1729
2035 2105
1646 1647
3095 3096
838 839
948 1018
1969 2039
1461 1462
231 232
1872 1942
2679 2749
4063 4064
549 619
2221 2291
3295 3296
1711 1781
3599 3600
845 846
3510 3580
3107 3108
557 627
1931 1932
1422 1492
308 309
1459 1529
3555 3556
1204 1274
2508 2578
128 129
2740 2741
3157 3158
2621 2691
1601 1671
2044 2045
1938 1939
1393 1394
131 132
1317 1318
3458 3459
277 347
2181 2182
2219 2289
2446 2516
4199 4200
2775 2776
1866 1867
1332 1402
1510 1580
1031 1101
2018 2088
3584 3654
2414 2415
4030 4031
1855 1925
3070 3140
1021 1022
879 880
2580 2650
644 714
123 124
2738 2808
3181 3251
2531 2601
1844 1845
2182 2252
3943 3944
187 188
1868 1869
3688 3689
1562 1632
3406 3407
677 747
1160 1230
1652 1653
1814 1815
683 753
1183 1253
1765 1835
2786 2787
1624 1625
2506 2507
892 893
2873 2943
1724 1725
2937 3007
699 769
1858 1859
3190 3191
771 841
831 901
2009 2079
1365 1366
2243 2244
1554 1555
710 711
50 51
2735 2805
3018 3088
2959 3029
69 70
683 684
2503 2504
3609 3610
2353 2354
243 313
1691 1692
4041 4111
731 801
2313 2383
1410 1411
4014 4084
3567 3637
4177 4178
3063 3064
3785 3786
132 202
3180 3250
1721 1791
2993 3063
3646 3716
3557 3558
307 308
3178 3248
610 680
1300 1370
2456 2457
1540 1610
2162 2163
2492 2562
2690 2760
1634 1704
3725 3795
1899 1969
3097 3098
492 493
2453 2454
56 57
1518 1519
748 749
3618 3619
2639 2640
122 192
3366 3367
2353 2423
3532 3533
3505 3575
1023 1024
2024 2025
1015 1085
3355 3425
554 555
3562 3632
2463 2464
897 967
166 167
2594 2664
413 483
3863 3933
955 956
877 878
692 762
2914 2915
1933 2003
3759 3760
4114 4115
2820 2821
3900 3901
2908 2909
635 705
2287 2357
1971 1972
2485 2555
566 636
3387 3388
863 864
1319 1320
49 119
1537 1607
1032 1102
2097 2098
2718 2719
1033 1103
405 406
590 660
1084 1085
1069 1139
161 231
3096 3097
3225 3226
1306 1307
1591 1661
3277 3347
1189 1259
3 4
21 91
3374 3444
3123 3124
1994 2064
3638 3639
4119 4120
973 974
896 966
3827 3897
3932 4002
1906 1976
2537 2607
169 170
3293 3294
1145 1146
873 943
3687 3757
583 653
2987 2988
3620 3690
2049 2050
2626 2627
3335 3336
274 275
1797 1867
3586 3587
1407 1477
767 768
1066 1067
2037 2107
1722 1792
2752 2822
3751 3821
507 577
952 953
261 262
2687 2757
2566 2567
888 958
582 583
3918 3988
2636 2706
1909 1910
558 628
3498 3499
703 704
2678 2679
2142 2212
2798 2799
3983 4053
1464 1534
3254 3255
1731 1801
2294 2364
260 261
215 285
704 705
2065 2135
4108 4109
701 771
2650 2651
2497 2498
35 105
67 137
3286 3287
2465 2535
871 941
2165 2235
3783 3784
2689 2759
257 327
594 595
3785 3855
766 767
3067 3068
822 892
2021 2091
3083 3084
1425 1426
338 408
2316 2386
819 889
2807 2808
3069 3139
47 48
3254 3324
3255 3325
51 52
3949 4019
615 685
2055 2056
2098 2168
324 394
512 582
1513 1583
2530 2531
2712 2782
3825 3895
32 33
2775 2845
1042 1043
4044 4114
3868 3869
3249 3319
459 460
27 97
396 466
3146 3147
603 673
880 881
851 852
3882 3883
1085 1086
1650 1651
3917 3987
566 567
1256 1257
164 234
2288 2358
4138 4139
2017 2018
1715 1716
559 629
2793 2794
2677 2747
2228 2229
2894 2964
556 557
2152 2153
922 992
3968 3969
4115 4116
2330 2331
1210 1280
567 568
209 279
1262 1263
2722 2792
1002 1003
711 712
3517 3587
2932 3002
3152 3222
2663 2664
699 700
175 176
539 540
520 590
1113 1183
2995 2996
3652 3653
1034 1035
3373 3443
2740 2810
68 138
3540 3610
1713 1783
778 848
3184 3185
15 85
407 477
1311 1312
2011 2081
1222 1292
2002 2072
3726 3727
149 219
3039 3109
3072 3073
1448 1518
1554 1624
608 609
946 1016
2976 3046
1194 1264
721 791
29 30
489 490
3060 3061
746 747
55 125
2039 2109
3472 3473
2926 2996
444 514
1491 1561
1479 1480
1106 1176
3933 3934
971 972
641 711
3559 3560
2303 2373
1423 1424
1695 1696
834 904
3205 3275
3568 3569
3572 3573
2756 2757
2760 2761
3296 3366
3104 3105
3529 3599
1850 1920
2306 2376
2256 2257
3926 3996
1474 1544
754 824
3033 3034
3252 3253
3348 3418
2619 2620
1462 1532
130 200
651 721
1983 1984
1975 1976
1907 1908
1929 1930
749 819
500 501
189 190
1842 1843
2855 2856
665 666
4093 4094
2021 2022
4072 4142
2317 2318
2449 2450
1949 2019
1710 1711
1689 1690
1978 1979
2116 2117
1898 1899
1757 1827
1662 1732
1246 1316
2080 2081
18 88
3349 3419
3844 3845
2799 2800
607 608
924 925
106 107
4170 4171
3797 3798
3961 4031
2089 2090
3069 3070
2950 3020
3691 3761
1774 1775
1824 1894
2004 2074
2779 2849
951 1021
2427 2428
1243 1313
2750 2751
2872 2873
3217 3287
179 180
3128 3198
1532 1533
3621 3622
3052 3122
3394 3395
687 757
1542 1543
861 862
3416 3486
3616 3686
4167 4168
1018 1088
3565 3566
2550 2551
3627 3628
476 477
3525 3595
1214 1284
2217 2218
3989 4059
2648 2718
2442 2512
2492 2493
2361 2362
2076 2077
179 249
4069 4070
2356 2357
3004 3005
1546 1616
3342 3412
3766 3767
3795 3796
1495 1496
1190 1260
3971 3972
1525 1595
388 389
391 461
3468 3469
3212 3282
1675 1745
729 730
2670 2671
2142 2143
584 654
2432 2502
993 994
1947 2017
1175 1176
1624 1694
1515 1585
1567 1568
1249 1319
940 1010
4147 4148
1453 1523
3760 3830
1249 1250
2763 2833
2947 2948
294 364
3733 3803
3592 3662
387 457
3575 3645
3858 3928
3233 3303
3523 3593
1480 1481
2941 3011
2475 2476
3131 3201
10 11
1630 1700
790 791
1184 1254
1862 1863
2525 2526
735 736
4004 4005
210 280
870 940
3643 3713
3515 3585
755 756
1632 1633
2357 2358
637 707
1054 1055
1677 1678
2703 2704
2364 2365
1406 1476
3166 3236
2875 2945
2321 2391
1663 1733
1759 1829
1772 1773
1291 1292
3024 3025
275 276
3184 3254
693 763
2715 2716
547 617
243 244
736 806
1275 1276
1318 1319
1032 1033
3236 3237
4084 4154
750 751
2630 2700
3168 3169
3078 3148
1886 1956
3922 3923
2797 2798
3368 3438
2265 2335
3035 3036
590 591
1955 2025
2238 2239
3609 3679
2601 2602
3527 3528
1080 1150
3866 3936
2514 2515
2541 2611
3705 3775
2133 2134
221 291
824 894
2794 2795
3624 3694
2360 2430
1688 1689
3480 3550
3392 3393
3137 3138
4098 4168
2090 2091
762 832
436 506
1079 1080
3997 4067
2112 2182
2753 2754
2215 2216
2063 2133
2023 2093
3992 4062
2958 2959
3400 3470
656 657
3608 3609
2026 2096
1364 1365
2814 2884
389 390
2713 2714
3973 3974
2272 2342
2218 2219
3220 3290
1704 1705
3412 3413
3447 3517
4078 4079
2052 2053
1350 1351
2122 2192
1838 1839
3692 3762
4034 4035
417 487
932 1002
259 329
108 109
3405 3475
540 541
3847 3917
2905 2975
3767 3768
3998 3999
2726 2727
1162 1232
1000 1070
1242 1312
986 1056
410 411
3844 3914
1651 1652
3444 3445
2006 2007
2376 2446
933 934
1146 1216
1357 1358
3251 3252
3526 3527
3744 3814
3244 3245
2564 2565
1 71
450 520
4005 4075
2198 2199
3029 3030
2252 2253
644 645
695 696
2719 2720
3105 3175
3925 3995
3909 3910
3569 3570
3350 3420
74 144
2468 2469
987 988
2925 2995
2702 2772
1981 2051
1462 1463
540 610
1136 1206
2393 2394
639 640
2974 3044
3538 3608
706 776
3353 3354
4022 4023
767 837
1520 1521
876 946
1872 1873
2358 2428
1354 1355
95 165
1188 1189
2256 2326
4146 4147
3131 3132
830 900
2403 2473
2899 2900
2041 2042
2917 2918
1028 1098
4094 4164
3734 3735
85 155
3006 3076
2604 2605
893 963
377 447
1756 1826
3889 3959
1572 1642
3677 3747
1347 1417
1585 1655
2431 2432
13 14
2782 2783
3240 3241
1671 1672
3258 3328
1951 1952
693 694
3710 3780
1941 2011
3708 3778
1565 1566
807 808
915 985
1001 1002
741 811
3478 3479
2986 3056
595 665
120 190
2340 2341
2753 2823
1671 1741
327 397
2144 2214
1733 1803
2985 2986
666 667
24 25
576 646
2500 2570
1777 1778
1940 2010
1823 1893
1257 1258
787 857
23 93
3731 3801
1362 1432
2871 2941
3716 3717
2282 2283
2206 2276
643 644
2375 2376
2425 2495
1286 1287
925 995
2156 2157
1806 1876
829 830
3029 3099
1870 1871
3546 3616
15 16
3112 3182
3660 3730
3493 3563
3504 3505
983 1053
1020 1021
3639 3640
3734 3804
1753 1823
1460 1461
2832 2833
2013 2083
587 657
32 102
2793 2863
3534 3535
857 927
2042 2043
3769 3839
1569 1639
1846 1916
3749 3750
2638 2639
1175 1245
4023 4024
1104 1174
1078 1148
3643 3644
159 160
3412 3482
1653 1654
1607 1608
2568 2569
1859 1860
2494 2564
776 846
2290 2360
1172 1242
247 248
2159 2229
2089 2159
3400 3401
3179 3180
1062 1132
3807 3877
19 20
1156 1157
3818 3888
1784 1785
3470 3471
2981 3051
2201 2202
1728 1798
3523 3524
2766 2836
1140 1141
789 859
3572 3642
2474 2544
2913 2914
853 923
1876 1946
2555 2556
2685 2686
2252 2322
2331 2401
2692 2762
2193 2263
2264 2265
1644 1645
1568 1638
3786 3856
2115 2185
2951 3021
2548 2618
629 630
124 194
3229 3230
1431 1432
3951 4021
1320 1390
4023 4093
190 260
1813 1814
3302 3372
3924 3994
1729 1799
57 58
1834 1904
4105 4106
1121 1122
1187 1188
609 610
3334 3404
3581 3651
3835 3905
1712 1782
1895 1965
2150 2220
3369 3439
195 196
1031 1032
1921 1922
1644 1714
3324 3325
4002 4072
1993 2063
1169 1170
3109 3110
1820 1890
2098 2099
2487 2557
2526 2596
1561 1562
1508 1509
3728 3729
2237 2307
1779 1780
1897 1967
28 98
1533 1534
3778 3779
2708 2778
1003 1073
1986 2056
2130 2200
3506 3507
2040 2110
2558 2559
600 670
3200 3270
600 601
2148 2149
1826 1827
1506 1507
3064 3134
798 799
1857 1858
1348 1418
488 489
3489 3559
347 417
3210 3280
663 664
1483 1484
521 591
260 330
2916 2986
3347 3348
2160 2161
206 276
64 134
2289 2359
3024 3094
3627 3697
3113 3114
1998 2068
2454 2455
2202 2272
772 773
2209 2279
1149 1219
4004 4074
3442 3512
2653 2654
2709 2710
2181 2251
1698 1768
41 42
1773 1774
2152 2222
1194 1195
4054 4055
4153 4154
3820 3890
249 250
1884 1954
1637 1638
3808 3878
1779 1849
536 606
2365 2435
1614 1615
3028 3098
2836 2906
2114 2184
3388 3458
41 111
19 89
3485 3486
70 140
379 449
3921 3991
2333 2334
2178 2248
2041 2111
121 191
457 458
1542 1612
3999 4069
2396 2466
3648 3718
3202 3272
1931 2001
2096 2166
3701 3771
676 746
1821 1822
970 1040
3519 3589
1428 1429
3773 3843
1773 1843
516 517
3652 3722
1531 1532
3255 3256
4040 4110
3680 3681
3455 3525
985 1055
3809 3810
3116 3117
546 547
3003 3004
399 469
4175 4176
486 556
824 825
1769 1770
2279 2349
439 509
2985 3055
8 78
4121 4191
3799 3800
2986 2987
167 237
2160 2230
1158 1228
863 933
303 304
1541 1542
3275 3276
2471 2541
1828 1898
1095 1165
3857 3858
2698 2699
1177 1247
2719 2789
1868 1938
667 737
1514 1515
395 465
343 413
1854 1924
2607 2608
2103 2173
2964 3034
1424 1494
2921 2991
2301 2371
3386 3387
2916 2917
3253 3323
893 894
285 355
3859 3860
2278 2348
1276 1277
592 662
3409 3410
989 990
3560 3561
2129 2130
2515 2585
1075 1076
1264 1265
3176 3246
3262 3332
59 129
1804 1805
2060 2130
500 570
3819 3889
3962 3963
1093 1094
156 226
3452 3522
1508 1578
3188 3189
811 812
611 612
2634 2635
253 254
2337 2407
1182 1183
2502 2503
3755 3825
3995 4065
1968 1969
3261 3331
2099 2169
2061 2062
1608 1678
1968 2038
3076 3146
2367 2437
2559 2560
2812 2813
3681 3751
3588 3658
2437 2438
2271 2272
2210 2280
3822 3823
2404 2474
464 534
3359 3429
3525 3526
1181 1251
254 255
2804 2805
1229 1230
2116 2186
2834 2835
3674 3675
3298 3299
604 674
2543 2544
1045 1046
3244 3314
881 951
2767 2768
3928 3929
2870 2940
1418 1488
801 802
3800 3870
4080 4150
1208 1209
3671 3741
2701 2771
477 478
3967 3968
658 728
1526 1596
1358 1359
285 286
1571 1641
4185 4186
953 954
2871 2872
2269 2270
2911 2981
2420 2490
3548 3618
3983 3984
1982 1983
2676 2677
3845 3846
2544 2614
1757 1758
458 528
1415 1485
616 617
1629 1699
3569 3639
3673 3674
837 838
3438 3439
3729 3730
46 116
2323 2324
2826 2896
2752 2753
3934 4004
3187 3188
739 740
2336 2337
3924 3925
1217 1218
627 697
3909 3979
3209 3279
636 637
1384 1385
3898 3968
2745 2815
2031 2032
2488 2558
3864 3865
2113 2183
2040 2041
1496 1497
1334 1404
3948 3949
2862 2932
49 50
2655 2656
1999 2000
2529 2530
3859 3929
2444 2514
328 398
607 677
290 291
145 146
234 304
1706 1707
1489 1559
3560 3630
4071 4072
539 609
1555 1556
2271 2341
1118 1119
424 494
2235 2236
4057 4058
1251 1321
3952 4022
2688 2689
1699 1769
204 205
2693 2694
3161 3162
720 790
1519 1589
1054 1124
2721 2791
3842 3912
2662 2663
972 973
1751 1752
3867 3868
1234 1235
1494 1495
158 159
984 985
2704 2774
435 505
2259 2260
286 287
1497 1498
2383 2384
1819 1820
505 575
689 690
1930 2000
1524 1525
2637 2707
1962 1963
3659 3660
3070 3071
3271 3272
2511 2512
1799 1800
2223 2293
3187 3257
1616 1686
2853 2854
1964 2034
3344 3414
3281 3282
1052 1122
3132 3202
2390 2460
2397 2398
2312 2382
2533 2603
1414 1484
3606 3607
1454 1455
4103 4104
4060 4130
3357 3358
2254 2255
1819 1889
2972 2973
1382 1383
2759 2829
2391 2392
4058 4059
1322 1323
757 758
1454 1524
1812 1882
2398 2468
3978 3979
809 879
2531 2532
790 860
3781 3851
831 832
1145 1215
659 660
717 718
702 772
3877 3947
4020 4021
3482 3483
782 783
2510 2580
1631 1632
997 998
3756 3826
2906 2907
4032 4033
1033 1034
53 123
2773 2843
845 915
1942 1943
3907 3977
2235 2305
2729 2799
2093 2163
1510 1511
3851 3852
2347 2417
86 156
1849 1919
174 175
3787 3857
2576 2646
1645 1715
1267 1337
1841 1842
2270 2340
127 128
2440 2510
451 521
696 766
804 805
2084 2085
3423 3493
2869 2870
3772 3773
264 265
304 305
964 965
1304 1374
3133 3203
882 883
2178 2179
995 996
1006 1007
2208 2209
105 106
2417 2487
59 60
927 928
1867 1937
3771 3772
2965 2966
963 1033
2478 2548
1709 1710
437 438
421 422
588 658
773 843
887 957
1277 1347
2645 2715
3502 3503
4053 4054
2710 2780
4028 4098
739 809
1268 1338
3005 3075
3869 3939
1240 1310
3344 3345
745 746
479 480
3558 3559
117 187
3158 3159
2373 2374
2538 2539
1873 1874
3862 3863
3293 3363
787 788
1927 1928
454 455
2852 2922
1700 1770
2058 2059
1148 1218
320 390
2371 2372
640 710
3046 3047
490 560
3850 3920
1724 1794
3929 3930
2563 2633
2715 2785
1962 2032
471 472
3657 3658
2020 2090
625 626
1896 1966
1387 1457
1528 1529
4110 4111
300 301
3585 3586
947 1017
2600 2601
191 261
3091 3161
1263 1333
885 955
3530 3600
2188 2258
2655 2725
1452 1453
2716 2786
1635 1705
4093 4163
2532 2602
4127 4197
2213 2214
713 714
3301 3371
1632 1702
1582 1583
3464 3534
3727 3797
1654 1724
2158 2159
2361 2431
3175 3176
1352 1422
668 738
3195 3265
1102 1103
511 512
3269 3270
1792 1793
1665 1735
3842 3843
2673 2743
2998 3068
1594 1595
1435 1436
3395 3396
2095 2096
3461 3462
1 2
106 176
2519 2589
2774 2775
3352 3422
2556 2626
801 871
4117 4187
3976 4046
3666 3667
332 402
3079 3080
3679 3680
152 222
3885 3955
928 929
1586 1587
2780 2850
792 793
2946 3016
3114 3184
3622 3623
2973 3043
3823 3893
2960 2961
1946 2016
396 397
3086 3156
3235 3305
857 858
1735 1805
2239 2240
1223 1224
1775 1776
1040 1041
2482 2483
3620 3621
1309 1310
1162 1163
3923 3993
2628 2629
812 882
2833 2903
3798 3868
862 863
4006 4007
900 901
1479 1549
1384 1454
3641 3642
1860 1930
2045 2046
725 795
1661 1662
2259 2329
626 696
2633 2634
417 418
2015 2016
3839 3840
3921 3922
3294 3364
3471 3472
2558 2628
3633 3634
177 247
2757 2827
1896 1897
193 194
3466 3536
2707 2708
2002 2003
1851 1921
255 325
1232 1302
684 754
3162 3232
2370 2371
30 31
1287 1288
543 544
288 289
2419 2420
2564 2634
3207 3277
2868 2869
3579 3649
138 139
1763 1833
3250 3320
2285 2355
2378 2448
2010 2080
225 295
1439 1440
2680 2750
912 913
3595 3596
1219 1220
2565 2635
172 242
4024 4094
246 247
618 619
2168 2169
3224 3294
3592 3593
4027 4028
759 760
660 661
1051 1052
2230 2231
1743 1744
86 87
1200 1201
2247 2317
3723 3793
2275 2345
805 875
1005 1006
3707 3708
343 344
727 728
978 979
2784 2785
3726 3796
818 819
1992 2062
154 155
1241 1242
1631 1701
1450 1451
113 183
3056 3126
380 381
215 216
2717 2718
1516 1586
3883 3884
4083 4153
2043 2044
2413 2483
3905 3975
1481 1551
3264 3265
1887 1957
1465 1535
404 405
3806 3807
2028 2098
1289 1290
2200 2201
579 580
1579 1580
2783 2853
746 816
2460 2530
466 467
362 363
1435 1505
3182 3252
1990 2060
1692 1762
2711 2781
2091 2092
921 991
2464 2534
556 626
3892 3962
2822 2823
3477 3547
230 231
3600 3601
3642 3712
2651 2721
2838 2908
2476 2546
2487 2488
492 562
3747 3748
2009 2010
2667 2737
3762 3763
1132 1202
2034 2035
2025 2026
234 235
3902 3972
906 907
1126 1196
2842 2843
3790 3860
3804 3874
1071 1141
940 941
780 781
11 12
1035 1105
1119 1120
545 615
2073 2143
2170 2240
2570 2571
3946 3947
205 275
3737 3807
911 912
4137 4138
1552 1622
3587 3657
1725 1726
3741 3811
3901 3902
1789 1790
2688 2758
2699 2769
1215 1285
2784 2854
2932 2933
2934 2935
662 732
1641 1642
2439 2509
2561 2562
1844 1914
2162 2232
549 550
3803 3804
1048 1049
885 886
4011 4081
341 411
2741 2742
2910 2911
3396 3466
976 977
966 1036
2493 2563
1150 1151
2883 2953
2645 2646
2624 2625
3623 3693
1119 1189
520 521
3459 3460
2333 2403
1469 1470
4188 4189
2922 2992
1339 1409
786 856
1954 2024
1091 1161
2019 2020
1411 1412
3485 3555
663 733
1787 1857
1048 1118
1110 1111
3452 3453
875 876
2012 2082
754 755
3792 3862
2131 2132
5 6
785 786
3440 3510
1044 1114
3156 3157
1998 1999
2559 2629
4051 4121
3173 3243
901 971
673 743
1616 1617
3495 3496
1014 1015
2774 2844
3913 3914
1396 1397
595 596
4128 4129
3531 3532
322 323
1653 1723
3829 3830
3044 3045
3597 3667
1063 1064
2944 3014
3341 3342
3352 3353
458 459
2119 2189
2553 2623
3407 3408
847 848
3135 3205
2770 2771
247 317
1725 1795
1171 1241
2573 2643
518 519
497 567
1388 1458
3838 3839
1012 1013
3779 3780
1443 1444
3302 3303
3102 3103
869 939
1830 1831
2404 2405
386 456
3319 3389
2464 2465
3865 3935
17 18
2611 2612
1766 1767
3712 3713
3876 3877
592 593
1755 1756
1948 1949
2680 2681
3188 3258
2094 2164
2970 2971
763 833
2462 2532
2141 2211
2925 2926
337 338
839 909
1114 1115
2331 2332
2931 2932
1318 1388
3724 3725
1564 1565
2540 2541
415 416
114 115
227 297
2890 2960
1022 1092
891 961
948 949
383 384
1869 1870
1649 1719
151 152
949 950
4187 4188
3735 3805
4022 4092
3034 3104
2913 2983
1976 1977
2020 2021
1741 1742
3291 3292
3304 3305
3154 3224
2494 2495
2135 2136
1807 1808
1094 1095
848 849
3856 3926
2479 2480
890 891
3097 3167
320 321
3978 4048
2453 2523
2153 2154
1468 1469
3380 3381
1823 1824
738 739
2291 2361
2106 2107
40 110
1921 1991
3700 3770
218 288
2360 2361
3089 3090
1383 1384
3 73
904 974
2837 2838
489 559
1364 1434
2597 2598
422 423
486 487
1186 1187
542 543
3975 3976
1237 1307
738 808
1321 1322
1122 1123
2505 2575
3793 3794
82 83
192 262
2346 2347
1586 1656
2625 2626
3062 3063
2907 2977
211 281
4075 4145
3784 3785
1745 1746
1230 1231
1265 1266
3960 4030
334 404
1677 1747
1309 1379
1676 1677
1827 1828
856 857
1389 1459
946 947
61 62
3230 3231
1292 1362
1694 1764
1697 1767
814 884
1361 1431
3213 3283
3914 3915
3456 3457
1845 1846
3447 3448
1229 1299
465 535
372 373
2032 2033
3123 3193
1372 1373
627 628
1579 1649
3979 4049
1892 1893
1938 2008
3882 3952
2362 2432
3245 3315
4040 4041
1259 1329
2758 2828
2385 2455
1118 1188
2258 2259
1427 1497
1307 1377
3041 3111
1399 1400
3415 3485
1629 1630
1505 1575
3516 3517
3461 3531
962 963
2882 2952
3873 3943
3577 3578
3828 3829
261 331
1257 1327
207 277
4053 4123
2338 2339
2667 2668
3141 3142
37 107
2724 2725
1275 1345
2033 2034
3649 3719
3551 3552
283 353
1571 1572
1737 1738
102 103
1604 1605
1585 1586
3054 3055
4066 4067
671 741
3585 3655
1416 1417
3318 3388
3323 3324
163 233
1058 1059
1547 1617
3418 3488
3163 3164
1560 1630
226 227
2702 2703
1494 1564
689 759
3390 3460
4012 4082
1932 1933
1648 1649
3026 3096
3716 3786
3513 3583
2477 2478
4049 4050
3550 3551
936 937
1633 1703
2083 2084
3714 3784
2179 2180
54 55
1865 1866
1439 1509
1574 1575
1127 1197
3964 4034
3195 3196
1730 1731
995 1065
3648 3649
1428 1498
227 228
2443 2513
22 23
1703 1704
3121 3122
1011 1012
4191 4192
3728 3798
2712 2713
2369 2370
2709 2779
686 687
4013 4083
1999 2069
3907 3908
3148 3149
457 527
1096 1166
1997 2067
1525 1526
561 562
3339 3409
2654 2655
3313 3314
143 213
3037 3107
3800 3801
1151 1221
2074 2075
2759 2760
281 282
188 258
2168 2238
3570 3640
2448 2449
1097 1098
2113 2114
1451 1521
1196 1197
1421 1422
1830 1900
2139 2209
244 245
579 649
622 623
1850 1851
858 928
1392 1393
3463 3464
3055 3056
3157 3227
1902 1903
93 94
2056 2057
1027 1097
2325 2395
3623 3624
1937 1938
1580 1650
3386 3456
3940 3941
3649 3650
1623 1624
2809 2879
185 186
3661 3731
3611 3612
3171 3172
2609 2679
1785 1786
4041 4042
2096 2097
142 212
1636 1637
1609 1610
3948 4018
3045 3046
2024 2094
1621 1691
1970 1971
865 935
3922 3992
660 730
1100 1170
2106 2176
2000 2070
144 214
924 994
1423 1493
883 884
1498 1568
2484 2485
3237 3238
2133 2203
1153 1154
2528 2598
3555 3625
3696 3697
2048 2049
438 508
4110 4180
2999 3000
1587 1657
44 45
2087 2157
1855 1856
190 191
1816 1886
3617 3687
2781 2851
3498 3568
186 256
1225 1295
1905 1975
1047 1048
3189 3190
3989 3990
673 674
899 969
759 829
3265 3335
2309 2310
3904 3905
3227 3228
2952 3022
3887 3957
3591 3592
437 507
1800 1870
2622 2692
127 197
2292 2362
1475 1476
1277 1278
1888 1889
2267 2268
1010 1080
1980 1981
3916 3986
3030 3100
1673 1743
1952 1953
3875 3876
2085 2086
2473 2474
1165 1235
4037 4038
3356 3357
3751 3752
2473 2543
3952 3953
2275 2276
1702 1703
1951 2021
44 114
438 439
4179 4180
3884 3885
2439 2440
2418 2488
2029 2030
60 61
3342 3343
3016 3086
1204 1205
2599 2669
1041 1042
584 585
2768 2838
2857 2927
342 412
1832 1833
515 516
2884 2954
1143 1213
1467 1468
3855 3925
3268 3269
3832 3833
1613 1614
3109 3179
27 28
2562 2632
2694 2764
3076 3077
1440 1510
4122 4192
3000 3001
3208 3209
1512 1582
3946 4016
2577 2647
2955 2956
3486 3556
2886 2887
3112 3113
427 428
1295 1296
1656 1726
1580 1581
3959 4029
3384 3454
3810 3811
2297 2367
3419 3489
2151 2221
3424 3494
1891 1961
404 474
2234 2235
2064 2065
72 73
929 999
1134 1135
4066 4136
2036 2037
2290 2291
2347 2348
2282 2352
859 860
2231 2232
1974 1975
2426 2427
783 784
3243 3244
4036 4106
253 323
2965 3035
3020 3021
1178 1179
1795 1796
3700 3701
1415 1416
793 863
113 114
1794 1795
2948 3018
1074 1144
980 1050
272 273
3420 3490
3189 3259
3640 3710
4058 4128
2016 2086
2649 2650
1176 1246
1327 1328
3231 3301
3820 3821
2189 2190
1273 1274
434 504
2365 2366
3113 3183
723 793
1075 1145
2338 2408
2139 2140
3641 3711
894 964
1662 1663
4101 4102
3312 3382
3549 3550
1567 1637
2975 3045
1524 1594
389 459
2327 2397
3238 3239
4010 4080
2878 2948
10 80
2401 2471
1718 1788
3068 3069
1891 1892
397 467
3474 3475
90 160
223 224
2437 2507
2947 3017
2488 2489
3685 3755
4126 4127
2722 2723
218 219
1595 1596
2463 2533
817 818
1159 1160
1219 1289
1359 1360
172 173
2656 2726
266 267
1777 1847
316 386
4078 4148
3124 3125
1063 1133
1365 1435
3522 3523
1864 1934
651 652
1163 1164
786 787
58 59
3391 3392
1936 1937
808 878
1679 1680
1918 1988
276 277
4063 4133
2839 2840
126 196
1340 1341
225 226
3753 3823
2137 2207
1487 1488
2723 2724
3170 3240
4156 4157
2975 2976
2417 2418
2455 2456
3242 3243
1068 1069
1523 1593
66 67
4062 4063
2054 2055
3812 3882
2240 2310
3425 3495
638 639
3656 3657
825 895
3529 3530
3826 3896
2754 2755
1911 1981
4026 4096
3377 3378
1163 1233
961 1031
794 864
2176 2246
718 719
982 1052
2902 2903
2262 2263
2425 2426
1987 2057
632 702
3824 3894
2204 2274
1112 1113
1347 1348
2522 2523
2859 2929
1913 1983
1548 1549
3607 3677
1676 1746
1961 2031
2668 2669
311 381
3355 3356
331 401
3792 3793
1755 1825
2164 2234
1544 1545
3699 3700
1212 1213
744 814
578 579
2934 3004
3031 3032
509 579
2741 2811
2466 2467
2204 2205
448 518
3155 3156
3001 3002
2422 2492
3015 3085
349 419
4090 4160
3279 3349
1065 1066
2305 2375
2866 2936
2727 2797
143 144
3142 3212
606 676
2161 2231
2854 2924
2994 3064
196 266
494 495
2924 2994
369 439
3022 3092
534 535
1122 1192
791 792
1431 1501
1774 1844
1447 1517
1680 1750
2881 2882
1659 1660
1845 1915
1690 1760
2795 2796
788 789
1669 1670
884 885
4160 4161
1061 1131
63 133
756 826
1539 1540
1892 1962
3300 3301
380 450
3444 3514
2289 2290
2978 2979
580 650
3080 3150
825 826
3324 3394
3315 3385
1840 1841
2120 2190
897 898
3170 3171
3603 3604
485 486
931 1001
3963 3964
3326 3327
3242 3312
821 891
204 274
1835 1836
2308 2378
926 927
3179 3249
1215 1216
2059 2060
2081 2151
2075 2145
1193 1194
981 982
1381 1451
1667 1737
3707 3777
3563 3633
506 576
3361 3362
1292 1293
3479 3480
1967 1968
2935 3005
502 572
2224 2225
1915 1916
938 1008
2936 3006
1463 1533
2324 2325
1780 1850
3359 3360
2542 2612
3140 3141
977 1047
3002 3072
650 720
1438 1439
3745 3815
3931 4001
3370 3440
1349 1419
3101 3171
2368 2438
3739 3809
129 130
3128 3129
3970 3971
2341 2342
2569 2570
4057 4127
3546 3547
1800 1801
1715 1785
1714 1715
373 374
284 285
661 731
2400 2401
3651 3652
3593 3663
1025 1095
2905 2906
2110 2111
2311 2381
2890 2891
421 491
504 505
1720 1721
3268 3338
2197 2267
951 952
884 954
402 472
2124 2194
4073 4143
2300 2301
3059 3060
429 499
157 227
1368 1438
2455 2525
1984 1985
1878 1948
3499 3500
1339 1340
2686 2756
3881 3951
2095 2165
203 204
3802 3872
271 272
2128 2198
999 1000
2310 2380
1408 1409
3771 3841
3473 3543
1804 1874
3203 3273
769 839
3612 3682
1176 1177
478 548
4047 4117
1778 1779
3576 3577
462 463
2165 2166
3477 3478
201 202
2863 2864
2298 2368
4122 4123
2409 2479
2501 2502
3378 3379
4090 4091
2339 2409
696 697
2935 2936
3698 3768
1764 1834
3524 3594
1605 1675
3500 3570
384 385
1432 1433
2400 2470
25 26
4085 4086
1047 1117
1156 1226
4021 4022
3670 3740
1183 1184
1055 1125
1079 1149
48 118
1507 1577
2394 2395
1781 1782
4113 4114
2901 2971
298 299
3851 3921
2606 2607
1752 1753
2919 2989
1248 1249
2603 2673
468 469
1447 1448
2052 2122
1978 2048
1408 1478
383 453
2354 2355
296 297
2312 2313
2998 2999
3103 3104
3323 3393
3891 3961
2294 2295
1836 1837
3863 3864
340 341
2952 2953
364 365
931 932
323 393
3050 3120
1105 1106
2223 2224
3564 3565
101 102
1957 1958
2830 2900
1366 1367
2079 2080
1619 1689
802 803
1067 1068
347 348
3681 3682
255 256
3789 3859
544 614
180 250
2936 2937
2729 2730
3916 3917
3991 3992
2651 2652
2186 2256
2751 2752
1917 1987
959 1029
1901 1971
97 98
2808 2809
522 523
3821 3822
2704 2705
1370 1371
2359 2360
652 653
956 957
3317 3318
3343 3413
2974 2975
3637 3638
2692 2693
1155 1225
2325 2326
2697 2698
3742 3743
2138 2208
3414 3484
620 621
533 603
110 180
1817 1818
2184 2254
439 440
3903 3904
3576 3646
1051 1121
3514 3515
2504 2505
1418 1419
2372 2442
3587 3588
2167 2237
128 198
2666 2736
3528 3598
1783 1784
704 774
3306 3307
1874 1944
1301 1371
4081 4151
3449 3519
601 671
1658 1659
1298 1368
3378 3448
1401 1471
4101 4171
3644 3645
2849 2919
4010 4011
1369 1370
302 372
1124 1125
2047 2117
1326 1327
1452 1522
3767 3837
2817 2818
3363 3364
1647 1648
2657 2727
3013 3014
833 903
2889 2959
4150 4151
1620 1621
2569 2639
1221 1222
3174 3244
3013 3083
933 1003
2909 2910
1970 2040
85 86
3631 3701
1288 1358
546 616
2329 2330
2631 2632
3765 3835
2037 2038
270 340
3598 3668
1532 1602
966 967
2641 2711
1778 1848
2265 2266
3783 3853
1261 1331
1566 1567
2765 2835
3353 3423
108 178
1116 1186
541 611
2428 2498
1840 1910
2351 2421
126 127
2236 2306
2102 2172
1733 1734
3198 3268
2945 2946
63 64
361 431
237 307
2644 2645
2860 2861
331 332
2963 2964
1886 1887
3520 3590
742 812
1953 2023
3196 3266
2212 2213
3544 3614
1123 1193
2599 2600
3321 3391
1037 1107
2447 2517
393 394
690 691
3975 4045
2642 2643
1321 1391
926 996
2923 2924
2368 2369
2731 2732
3545 3615
1797 1798
1005 1075
171 172
1861 1862
2627 2628
667 668
1530 1600
20 21
2154 2155
4120 4190
3839 3909
212 282
3553 3554
2457 2527
2010 2011
398 399
1950 2020
262 332
1087 1088
3310 3311
321 322
2637 2638
2933 2934
3464 3465
1112 1182
151 221
2067 2137
1285 1286
2618 2688
986 987
3445 3515
2789 2790
1072 1073
3603 3673
1740 1810
1173 1243
1670 1740
2742 2812
3258 3259
915 916
2553 2554
3746 3747
945 946
1791 1861
4106 4176
1573 1574
1990 1991
2467 2537
965 966
1076 1077
2264 2334
750 820
2507 2508
3345 3346
798 868
3009 3079
2480 2481
3912 3982
841 842
725 726
1131 1201
3221 3291
3272 3273
4130 4200
2897 2898
2015 2085
3889 3890
1597 1598
1174 1244
2640 2641
1456 1526
2526 2527
2078 2079
3147 3217
3972 3973
1918 1919
3434 3435
2503 2573
612 613
1593 1594
2175 2176
2379 2449
1205 1206
406 476
3276 3277
3814 3815
1251 1252
2713 2783
3428 3498
475 476
197 267
2495 2496
3537 3538
4134 4135
1982 2052
415 485
3883 3953
2969 2970
371 441
2350 2420
3012 3013
1043 1113
1577 1578
1498 1499
533 534
2796 2866
870 871
4007 4077
742 743
3761 3831
2225 2295
2951 2952
622 692
2299 2369
909 910
2003 2004
1380 1450
1429 1499
2436 2506
1323 1393
3453 3523
1144 1145
4085 4155
1284 1285
1738 1739
3479 3549
3723 3724
1352 1353
3043 3113
3239 3309
2149 2219
111 181
3763 3764
1239 1309
2405 2475
2042 2112
2366 2436
997 1067
3121 3191
4114 4184
558 559
950 951
1994 1995
4029 4099
507 508
3047 3117
354 424
3784 3854
3980 3981
3164 3165
3849 3919
4144 4145
3450 3520
1707 1708
79 80
1262 1332
2826 2827
3777 3778
87 157
141 211
3414 3415
1271 1272
416 486
2445 2446
3573 3574
2166 2236
616 686
1083 1084
984 1054
530 531
1746 1816
3489 3490
3836 3837
2659 2729
3664 3734
3789 3790
4054 4124
3047 3048
1859 1929
1089 1159
3538 3539
949 1019
318 319
3246 3316
3285 3286
3653 3654
2652 2722
1793 1863
2607 2677
1557 1558
33 103
3085 3086
2800 2870
339 409
2623 2624
3246 3247
1740 1741
2679 2680
4036 4037
3023 3093
1809 1810
695 765
2198 2268
2827 2828
338 339
328 329
1279 1349
1331 1401
2251 2252
2610 2680
1336 1406
843 844
1260 1330
1959 1960
2608 2678
425 495
1410 1480
3969 3970
1547 1548
3630 3700
401 471
2248 2318
3218 3288
3028 3029
2186 2187
2632 2633
4018 4019
42 112
469 539
4193 4194
994 1064
3007 3077
220 290
3950 4020
3297 3298
3663 3733
365 366
3153 3154
3945 3946
3858 3859
3228 3298
314 384
1847 1917
3797 3867
1726 1796
2735 2736
1833 1834
1910 1911
2304 2305
2548 2549
4002 4003
1605 1606
730 731
1073 1074
586 656
840 910
758 828
2092 2162
576 577
4118 4119
1390 1460
2630 2631
1600 1670
2028 2029
1814 1884
2378 2379
4119 4189
3511 3581
1224 1294
3731 3732
2632 2702
412 413
3090 3160
2412 2482
233 303
3886 3887
125 126
1268 1269
2236 2237
2226 2227
1627 1697
1504 1574
3944 3945
188 189
2418 2419
2658 2659
2222 2292
2851 2921
2415 2485
2182 2183
432 433
3516 3586
991 1061
2973 2974
1502 1503
4049 4119
3334 3335
796 866
2117 2118
1329 1399
2430 2431
1019 1020
3537 3607
3289 3290
2067 2068
3684 3685
599 600
2730 2800
2268 2269
3881 3882
1538 1608
3436 3437
518 588
2584 2654
4019 4089
2415 2416
175 245
3104 3174
2389 2390
3060 3130
3396 3397
1037 1038
1093 1163
2244 2245
390 460
1354 1424
3894 3895
2646 2647
760 761
4195 4196
2019 2089
194 195
2877 2878
581 582
1057 1058
3119 3120
2838 2839
1492 1562
371 372
2720 2790
1870 1940
1695 1765
4102 4103
830 831
2656 2657
1303 1304
1372 1442
137 138
2909 2979
1328 1329
2957 2958
3154 3155
4135 4136
3014 3084
3206 3207
376 446
4128 4198
2104 2105
1684 1754
1818 1888
2047 2048
22 92
1478 1479
2203 2273
123 193
1976 2046
1446 1447
13 83
4190 4191
3262 3263
3908 3909
3145 3215
467 537
3434 3504
1407 1408
2575 2645
1721 1722
3621 3691
2489 2559
3401 3402
1377 1378
800 801
1888 1958
3692 3693
199 200
1769 1839
598 668
3314 3315
2710 2711
194 264
662 663
751 821
2605 2606
3061 3062
2273 2274
714 784
2554 2624
634 635
2014 2015
1406 1407
3871 3872
895 896
2816 2817
827 897
3377 3447
2912 2913
2574 2644
3222 3223
943 944
3718 3719
613 614
3278 3279
3832 3902
55 56
3177 3247
912 982
3243 3313
1273 1343
53 54
3936 4006
3547 3617
1727 1728
925 926
3927 3997
891 892
182 252
1356 1357
2348 2349
3263 3264
4038 4108
1521 1591
1278 1348
1935 1936
1570 1640
3914 3984
420 490
3559 3629
3448 3518
3256 3326
4111 4181
3645 3646
2922 2923
1314 1315
4074 4144
3583 3653
2511 2581
1441 1442
2307 2308
370 440
2846 2847
4083 4084
2502 2572
1413 1483
3193 3263
1263 1264
291 361
1331 1332
2392 2462
2318 2319
1228 1229
3283 3353
957 958
2776 2777
426 496
3437 3507
1081 1151
1474 1475
3899 3900
2232 2233
1841 1911
2376 2377
312 382
2891 2892
2228 2298
2690 2691
2138 2139
2158 2228
2982 3052
3264 3334
569 570
1929 1999
568 569
3301 3302
1772 1842
1597 1667
4118 4188
2625 2695
1280 1281
2483 2484
241 242
1935 2005
2388 2458
414 415
345 346
3316 3386
4192 4193
3625 3626
1414 1415
2456 2526
1732 1733
3574 3575
3957 4027
2546 2616
543 613
1303 1373
3151 3221
156 157
2231 2301
1582 1652
3840 3910
228 229
1363 1364
1916 1917
3219 3220
1458 1528
1472 1473
1066 1136
1313 1314
1274 1275
1216 1217
729 799
2944 2945
874 875
2362 2363
2671 2741
2587 2588
2582 2583
3354 3424
292 362
2032 2102
1690 1691
2968 3038
3081 3082
2751 2821
944 945
1764 1765
670 740
447 517
268 269
1806 1807
1672 1742
2778 2848
3259 3260
91 92
3536 3606
2592 2662
46 47
1036 1106
2055 2125
2375 2445
4033 4034
3509 3510
2660 2730
2900 2901
1448 1449
1345 1346
1538 1539
1378 1379
2164 2165
3647 3648
908 978
1831 1832
988 989
177 178
2821 2822
596 597
1816 1817
1815 1885
1519 1520
916 986
2927 2928
1218 1288
1216 1286
632 633
1106 1107
3318 3319
3478 3548
1298 1299
686 756
3557 3627
560 630
31 101
2539 2609
1166 1236
1864 1865
3764 3765
1991 2061
2261 2262
1383 1453
1487 1557
777 847
1442 1512
3348 3349
3642 3643
3835 3836
2829 2830
318 388
1425 1495
2358 2359
779 780
1322 1392
3098 3099
1092 1093
894 895
3896 3897
922 923
3314 3384
2187 2188
3730 3731
2877 2947
1520 1590
3536 3537
1880 1950
2150 2151
1088 1089
3935 4005
2613 2614
3011 3012
3986 3987
1527 1528
3607 3608
3515 3516
162 232
3551 3621
846 847
1065 1135
2308 2309
3333 3403
2452 2453
2175 2245
1195 1265
3100 3101
3998 4068
3365 3435
1167 1237
1385 1455
1470 1540
719 720
2030 2100
1301 1302
1991 1992
3022 3023
3362 3432
3297 3367
1511 1512
3451 3521
1544 1614
3222 3292
2421 2422
88 158
608 678
2742 2743
3893 3894
2249 2250
3260 3330
1813 1883
1125 1126
799 800
3416 3417
3534 3604
1070 1140
2363 2364
1116 1117
1283 1284
2706 2707
360 430
1255 1325
3706 3776
2879 2949
2773 2774
1920 1921
4069 4139
2744 2745
852 922
655 725
1014 1084
3632 3702
146 216
2283 2353
2157 2227
1807 1877
3049 3050
1587 1588
642 712
2561 2631
1903 1973
1626 1696
11 81
2227 2297
872 873
1972 2042
2726 2796
236 306
3186 3256
1283 1353
1500 1501
3619 3689
3994 4064
3364 3434
1706 1776
2761 2831
3058 3059
2874 2944
1266 1267
3273 3274
1786 1787
3694 3695
2762 2832
1461 1531
2850 2920
2889 2890
3358 3359
132 133
2408 2409
2961 3031
3854 3924
2317 2387
676 677
465 466
473 543
2103 2104
1926 1927
3583 3584
4152 4153
674 675
1135 1205
2354 2424
3197 3198
3393 3394
530 600
337 407
250 320
2664 2734
3660 3661
2963 3033
2326 2327
2297 2298
3139 3140
475 545
3376 3446
327 328
335 405
2779 2780
728 798
957 1027
4123 4124
668 669
1212 1282
496 566
4048 4049
3430 3500
2505 2506
548 549
3680 3750
812 813
2309 2379
2034 2104
2386 2456
672 673
886 956
3655 3725
3796 3797
3565 3635
2648 2649
628 698
3764 3834
1064 1065
1893 1963
3147 3148
2257 2327
820 821
2321 2322
2314 2315
3062 3132
619 689
3512 3513
1253 1323
1485 1555
3286 3356
573 643
2536 2537
1129 1130
1879 1949
3963 4033
3636 3637
2411 2412
2141 2142
1666 1736
302 303
1142 1212
3021 3022
280 350
3981 3982
602 672
609 679
2918 2988
1787 1788
2485 2486
409 479
1943 2013
189 259
366 367
1744 1745
3375 3376
2654 2724
3976 3977
4076 4146
2766 2767
2815 2885
298 368
3287 3357
2669 2739
2090 2160
89 90
205 206
3017 3018
3039 3040
1708 1709
1225 1226
2512 2513
2509 2579
1227 1228
4046 4047
2314 2384
1762 1763
3938 4008
2352 2353
1897 1898
4073 4074
2781 2782
3239 3240
1445 1446
3694 3764
1785 1855
1287 1357
3906 3976
552 553
2824 2825
3768 3838
125 195
2616 2686
3419 3420
3338 3339
1029 1099
3257 3327
3439 3509
1568 1569
3191 3261
1169 1239
1011 1081
3796 3866
1226 1296
214 215
2469 2470
672 742
2549 2619
3743 3744
2183 2253
3659 3729
1960 2030
3399 3469
784 785
4061 4131
3830 3900
2094 2095
1376 1446
2159 2160
1182 1252
1133 1203
3811 3812
855 925
1152 1222
1324 1394
1113 1114
745 815
3900 3970
3372 3442
3870 3871
1220 1221
2423 2424
2593 2663
1015 1016
4018 4088
101 171
3985 3986
1059 1060
2769 2770
330 400
3058 3128
1607 1677
2555 2625
220 221
1901 1902
2876 2946
2551 2552
4189 4190
2895 2896
2026 2027
199 269
2687 2688
1073 1143
3628 3698
1798 1799
1466 1536
747 748
4178 4179
1044 1045
2084 2154
1324 1325
2984 2985
4105 4175
1986 1987
3482 3552
461 462
1575 1576
1334 1335
357 358
3233 3234
827 828
1922 1992
758 759
2263 2333
2143 2144
587 588
162 163
408 478
3688 3758
1046 1047
3151 3152
3379 3380
3209 3210
3584 3585
1584 1585
2061 2131
4099 4169
856 926
1912 1913
114 184
3788 3858
2286 2356
3941 4011
3518 3519
977 978
744 745
271 341
3932 3933
400 470
2062 2063
762 763
1404 1405
3776 3846
3761 3762
1875 1876
3490 3560
3303 3373
3331 3332
2246 2316
1556 1557
748 818
1714 1784
35 36
183 184
3074 3075
1673 1674
2381 2451
682 752
1675 1676
813 883
3038 3039
336 406
3251 3321
1443 1513
1444 1514
2388 2389
1981 1982
96 97
647 717
1674 1675
3613 3683
1743 1813
1501 1502
141 142
4001 4002
2591 2661
1702 1772
1831 1901
1375 1445
4017 4018
290 360
2990 2991
906 976
2668 2738
431 501
4107 4177
2499 2569
3840 3841
1660 1730
501 571
2818 2819
29 99
3340 3410
3346 3347
139 140
603 604
1634 1635
1252 1322
3077 3147
955 1025
182 183
1543 1613
904 905
3470 3540
657 658
1042 1112
2108 2109
1988 2058
1294 1364
2241 2242
1008 1078
3599 3669
3917 3918
2512 2582
181 251
2344 2414
3130 3200
3459 3529
1086 1087
373 443
355 425
3780 3850
264 334
2806 2807
3544 3545
1430 1431
2447 2448
2600 2670
2777 2778
740 810
514 584
1880 1881
3750 3751
1327 1397
213 214
2435 2436
1734 1735
3505 3506
3037 3038
1523 1524
265 335
2108 2178
105 175
3752 3822
3626 3627
2211 2212
3093 3094
1919 1920
2475 2545
828 829
4035 4105
2523 2524
109 110
456 526
1328 1398
2669 2670
3721 3722
671 672
3541 3542
329 399
756 757
2743 2813
4149 4150
3735 3736
2443 2444
2086 2156
2816 2886
1366 1436
2940 3010
275 345
1120 1190
287 357
3822 3892
407 408
1741 1811
1775 1845
896 897
3492 3493
574 644
815 816
3950 3951
2763 2764
2574 2575
3613 3614
3679 3749
2818 2888
1282 1352
1589 1590
3375 3445
1985 1986
1436 1506
3008 3078
2911 2912
2272 2273
1781 1851
476 546
2616 2617
550 620
508 509
139 209
4005 4006
1254 1255
575 645
3090 3091
3958 3959
2901 2902
2848 2849
2458 2528
483 484
664 734
2597 2667
2851 2852
3491 3561
2285 2286
1013 1014
1783 1853
1789 1859
3099 3169
1686 1756
633 634
245 246
1847 1848
1881 1882
522 592
1220 1290
653 723
679 749
1627 1628
2641 2642
694 764
2858 2928
3011 3081
3991 4061
768 838
4154 4155
1600 1601
3834 3904
1367 1437
2943 3013
3827 3828
2050 2051
3284 3354
878 879
2809 2810
1341 1411
3993 3994
1433 1434
1696 1766
1305 1306
1573 1643
3806 3876
3226 3227
2980 3050
813 814
3338 3408
527 528
1947 1948
1062 1063
221 222
698 699
485 555
3363 3433
652 722
3693 3694
3597 3598
1129 1199
3719 3789
3241 3311
3581 3582
3717 3718
2001 2002
2953 3023
454 524
3542 3612
2276 2277
2892 2962
3382 3452
3435 3436
2983 2984
2761 2762
289 290
1753 1754
3093 3163
3618 3688
979 1049
1876 1877
213 283
3906 3907
3988 4058
1450 1520
2517 2518
649 719
1788 1789
278 279
3183 3184
2194 2264
1247 1317
4169 4170
2454 2524
2189 2259
3988 3989
434 435
315 316
1165 1166
2806 2876
2406 2407
553 623
898 899
3079 3149
167 168
118 119
929 930
710 780
1154 1155
4127 4128
3399 3400
2969 3039
1325 1326
1839 1909
2192 2193
1266 1336
3428 3429
868 869
565 635
934 1004
4008 4009
2004 2005
3947 3948
2476 2477
1834 1835
2563 2564
4014 4015
3712 3782
1848 1849
3674 3744
2313 2314
1333 1334
3669 3739
2105 2106
2758 2759
1909 1979
1863 1933
348 349
2982 2983
1842 1912
306 307
2434 2435
1821 1891
1558 1559
937 938
1302 1303
202 272
517 587
1102 1172
2243 2313
2942 2943
142 143
3747 3817
448 449
3219 3289
3381 3382
950 1020
493 563
1222 1223
359 360
3210 3211
962 1032
3543 3544
3256 3257
1939 2009
319 320
3304 3374
835 905
795 865
378 379
1529 1530
333 334
3790 3791
504 574
954 955
208 209
73 74
3118 3119
774 775
1734 1804
724 725
1306 1376
3494 3495
2452 2522
1124 1194
2942 3012
1603 1673
639 709
2746 2747
1091 1092
2920 2921
2254 2324
2177 2247
2348 2418
3235 3236
4124 4194
1894 1964
3678 3748
66 136
2486 2556
3214 3215
3753 3754
724 794
880 950
3997 3998
4092 4162
979 980
1401 1402
3740 3741
992 993
3253 3254
1056 1126
3133 3134
2929 2930
455 525
2441 2511
2199 2269
3335 3405
3699 3769
488 558
2479 2549
1111 1181
51 121
1465 1466
382 383
2923 2993
1768 1769
472 542
3085 3155
2627 2697
2760 2830
2446 2447
3397 3467
314 315
537 607
3087 3157
2279 2280
4079 4149
3329 3330
26 27
3016 3017
2013 2014
274 344
1361 1362
98 99
394 395
2698 2768
1620 1690
2295 2296
1300 1301
4044 4045
484 485
2605 2675
1698 1699
2188 2189
3418 3419
1581 1651
1329 1330
153 154
1761 1831
3129 3199
593 594
2892 2893
4104 4174
2596 2597
3902 3903
3874 3875
1687 1688
2634 2704
2421 2491
2499 2500
184 185
783 853
2920 2990
1084 1154
1173 1174
2804 2874
1255 1256
1754 1824
3438 3508
1409 1410
1147 1217
3143 3213
874 944
707 708
3036 3106
1828 1829
91 161
961 962
366 436
597 598
678 748
1072 1142
3173 3174
877 947
3326 3396
1270 1340
2167 2168
1053 1054
3908 3978
3654 3655
200 201
816 886
3282 3283
299 300
2120 2121
3476 3477
207 208
1822 1892
1270 1271
2195 2196
2955 3025
2705 2706
928 998
1086 1156
3471 3541
4166 4167
3261 3262
3562 3563
2148 2218
815 885
568 638
3742 3812
1752 1822
2263 2264
1342 1343
2092 2093
3140 3210
2822 2892
3172 3242
3739 3740
3488 3558
45 46
740 741
3749 3819
3575 3576
3292 3293
173 174
715 785
3803 3873
735 805
2813 2814
1793 1794
4108 4178
2717 2787
3356 3426
2823 2893
240 310
3467 3537
3145 3146
323 324
2109 2110
849 919
1930 1931
2579 2649
3369 3370
3702 3772
3698 3699
1476 1477
3617 3618
36 37
3664 3665
495 565
2556 2557
3947 4017
1767 1837
4089 4090
641 642
1080 1081
1815 1816
3232 3302
267 337
2460 2461
2904 2905
3015 3016
2898 2899
2518 2519
3722 3723
3622 3692
3215 3285
3919 3989
1387 1388
2262 2332
752 753
313 314
721 722
2296 2366
1723 1793
3990 4060
3895 3896
3894 3964
1854 1855
2572 2573
491 561
2274 2275
3280 3281
3325 3326
1802 1872
628 629
4096 4166
3845 3915
1252 1253
3162 3163
905 975
3440 3441
1794 1864
1082 1152
709 779
2374 2375
524 594
2792 2793
416 417
2420 2421
83 153
1244 1245
124 125
2898 2968
1522 1523
1832 1902
2585 2655
3524 3525
4011 4012
3977 3978
544 545
2551 2621
1198 1268
1108 1178
974 975
1030 1100
3468 3538
3052 3053
3218 3219
7 8
1811 1812
145 215
2466 2536
3368 3369
973 1043
1989 2059
1111 1112
3695 3765
936 1006
3231 3232
526 596
1471 1472
1098 1099
2489 2490
1701 1771
810 811
1689 1759
4131 4132
1541 1611
4094 4095
307 377
3432 3433
433 434
3280 3350
2620 2690
3645 3715
293 294
741 742
1133 1134
3868 3938
561 631
4141 4142
2589 2659
4051 4052
2665 2666
755 825
548 618
2695 2765
3579 3580
1137 1138
1477 1478
2154 2224
2278 2279
3490 3491
2281 2351
295 296
3460 3461
2266 2336
2359 2429
466 536
1592 1662
1877 1878
2332 2333
2187 2257
3738 3739
2261 2331
1137 1207
4025 4026
3472 3542
1436 1437
2647 2648
67 68
239 309
2371 2441
1810 1811
3025 3026
2989 2990
1667 1668
2841 2911
3077 3078
1521 1522
2786 2856
3898 3899
408 409
1526 1527
1739 1809
1123 1124
822 823
2927 2997
317 318
1377 1447
3705 3706
1687 1757
3861 3862
2398 2399
3890 3891
4109 4179
1576 1577
2649 2719
14 84
615 616
281 351
2281 2282
312 313
4145 4146
2396 2397
3094 3164
102 172
3225 3295
849 850
2445 2515
3691 3692
1511 1581
157 158
810 880
2887 2888
3481 3482
2683 2753
3110 3111
1919 1989
